Date,AAPL.O,MSFT.O,INTC.O,AMZN.O,GS.N,.SPX,.VIX,SPY,EUR=,XAU=,GDX,GLD
2018-01-02,173.75310096525,83.06111606085209,44.76482992743666,1205.5747270628196,254.84888660865533,2769.311493488973,13.136661585240143,270.877500274421,1.202044509427833,1334.6727544920764,22.14519442364694,126.08890526891848
2018-01-03,173.52931959786724,84.35463305718322,45.23216921162863,1195.502733874969,249.58938199988123,2817.2565820147383,13.65821337341177,274.2036582131529,1.195729127296476,1334.118024597298,21.969819063667458,125.67682711195901
2018-01-04,175.7750351105608,86.18772229270843,45.509806787252884,1203.170121646609,247.90228720098617,2802.4644766001848,13.979755632404556,272.2328335098024,1.1948130796458922,1324.3711646400836,22.37149860501169,124.84615091901226
2018-01-05,180.87740932460042,87.1867253051596,45.064178532241016,1226.6015657981,252.37242765561862,2821.351824676521,14.010006738627133,270.5543510762277,1.1948847702929546,1323.7761406709374,22.500790786059685,123.68090811166478
2018-01-08,180.3329283636105,85.7082524723201,44.61676346271849,1255.3239838777677,253.83127484505124,2856.687726596685,13.39191417833163,271.1353936859558,1.1948370714887857,1346.3829341705623,23.74648701087273,123.0202372636795
2018-01-09,179.79013954216083,85.52641292347657,43.572691955875875,1255.176085011057,253.72631148848075,2834.8692498161804,13.073115761203047,270.3401919021891,1.1954854672203703,1357.4574546010435,23.279891373930578,123.00260038997786
2018-01-10,185.19625672814476,85.611610469318,45.169682634777296,1251.1688154055385,254.91323503446645,2823.636251231038,11.577576009632924,275.92649997420335,1.1906266644901398,1363.7242454265333,22.48875112783037,121.89568316374046
2018-01-11,187.9977387968922,86.53090388741595,45.19539182725658,1256.976868376328,255.7942149578275,2869.2958406270195,11.714875890662517,275.6334143884085,1.1864252712111047,1374.542367672775,23.52450065003923,122.08551978338924
2018-01-12,186.63958349865482,87.55744290634001,45.00610151497273,1231.0470718841927,249.38303560759053,2845.363303206633,11.730315302204428,276.5768550841987,1.1821197569410373,1391.8661283158804,22.7046782666321,121.92014435764311
2018-01-15,188.69755154747443,86.63018293188733,44.191047714404995,1227.754025259236,248.00590542074372,2812.3504364741075,11.841383731502527,279.0476786131196,1.17269997288695,1379.3639063650028,23.10265537175405,121.5575591765899
2018-01-16,187.354764972283,86.83938095790668,46.87738608857835,1246.4925485539886,255.01782028534436,2852.433307568677,12.143771961706843,281.49195245808806,1.174823485228735,1375.3195945888608,22.551031575155715,122.71690924635976
2018-01-17,186.01379225716772,87.57334781150632,45.895580433262516,1263.0515291269285,252.27630011437518,2884.4761061896534,12.38031259505064,282.19644653617377,1.1802085949457237,1369.788520705219,21.420488108203745,120.34892151044049
2018-01-18,187.05003422610793,89.73580560813257,45.517272397843094,1257.839487889826,251.0152762058373,2896.874431011344,12.312171893622889,281.90025422715837,1.1850355197929032,1376.5127093546319,21.227091300711102,120.00403492007366
2018-01-19,180.93486404957443,90.85292267984379,45.911177401199154,1264.3171864169815,248.8141533448624,2896.8414161246787,12.342168841797296,287.19733468365587,1.183599553546668,1378.5526794133636,21.716357023338865,117.79029318143925
2018-01-22,175.61403050572753,92.10846699946471,46.47957008794387,1245.9070843043003,248.54576333838347,2886.585327633775,11.505278605524856,287.05439123554385,1.1789276311828654,1387.196294875496,21.069394276684335,118.03891619644293
2018-01-23,174.05431450924738,92.33359927582167,47.39285619734084,1263.935413135988,246.1925365606477,2895.0772536844975,11.174338084668081,286.0299436350176,1.1834416091919109,1381.8588109794864,21.381452646512948,118.78460619324281
2018-01-24,171.11510225924,94.5449557953736,49.15230163871684,1263.330629176028,248.33744938757368,2937.709095829776,11.202572726354479,284.4859485798861,1.187347023687776,1397.3885505525086,21.799683176380178,117.53109905828302
2018-01-25,172.29237609077464,95.27158941205764,49.667302910359595,1257.9815755544153,249.27154197729539,2945.2012579509033,10.797890390498669,280.2109279408062,1.1887573640977627,1396.8930271018999,21.123859486010502,116.41000797055898
2018-01-26,169.7027642790926,94.07141635403856,48.64389008185108,1250.6154116276518,252.67223670930446,3004.405727013303,11.272411954424248,282.40357797304927,1.1992904448425452,1404.9572404231137,21.01022346109364,114.86208089612246
2018-01-29,165.6416955025381,96.31346781990929,48.40907562072867,1250.3715860654347,248.2973803037065,2981.4158620192284,10.907239210978574,276.60889023573134,1.199251915129589,1418.7413714779434,21.861695058415282,114.94356261341755
2018-01-30,170.2739605437019,97.50216804710054,48.72264717654415,1241.0168709074799,246.96369788985893,2982.0804137985024,11.025844170397024,276.7053036925809,1.197832302191287,1431.7408979411061,22.22684598286509,114.65354646647211
2018-01-31,169.78699810509124,96.92000134241125,50.795536027535235,1257.8901312579483,246.11627059921227,2973.273856688559,11.090293540921166,276.3060998416366,1.1955596734932625,1436.1669757484656,22.088641677981393,114.42112305208323
2018-02-01,170.19761562896275,96.28514239491345,49.40997701563329,1249.7273793515692,248.12932113780866,2945.55537150163,11.5119330012919,282.04566636569206,1.186384009083898,1445.9007987756913,22.32586590200199,114.10760775487145
2018-02-02,166.08749693424718,96.84959722007926,50.62795518692091,1289.4190251588304,244.9037573199232,2942.6767516615078,12.042279008251242,277.5452919870519,1.190432555450545,1466.4812191974597,21.953231057874525,113.24494621499767
2018-02-05,164.66545174360348,97.67739764066164,50.82570269413672,1327.1459688043917,248.84530062910565,2954.93185771505,12.467501003361077,275.4136652350379,1.1899238413569213,1472.8136407545767,22.579823035377164,114.29789229596511
2018-02-06,165.1926646130107,98.09406487899618,51.70005244278879,1306.159852739115,254.01682013080784,2970.0941784177826,11.221426475274809,275.18657895152745,1.1930809111765304,1464.5344954956702,23.22404636339208,114.57009922464837
2018-02-07,161.9997144600405,98.69238621571598,51.610178023211525,1309.1993972008095,249.88221226697001,3029.8942921313255,11.911834911140485,274.80769784383773,1.2042396265204631,1471.6759410224251,23.301340030449566,113.51211231646455
2018-02-08,163.29479685373548,101.52520784353605,50.76312722194902,1294.4078441965885,247.90480376580808,3043.80366545662,12.857121336650724,273.5612843510272,1.2020093245155818,1471.5313563405587,23.44315430229688,112.90030505508402
2018-02-09,161.73280804831873,103.39450434785267,51.54667482660633,1287.686276291881,245.77143574678135,3076.704849694714,12.55089067578277,273.47132725001063,1.188158405481884,1444.436945433758,22.871889024654006,112.1378169082537
2018-02-12,161.07903627262155,103.82450072388315,52.24145438748046,1338.9599362220995,257.1224798160343,3079.7672270754797,12.700279217782946,270.4969209538232,1.191138892363412,1450.0754255186487,22.118352467753965,113.42888154110422
2018-02-13,159.5351755116792,105.51603690834318,53.283007109953225,1332.489888505712,255.35232156257032,3127.883315970275,12.147002054669988,271.4764652181259,1.192252289837875,1451.7195899433107,21.91765713226756,114.09892101743644
2018-02-14,165.14195565984193,103.90142026163969,53.284813823086914,1342.9834353105007,262.8448350460578,3197.414653495139,11.019467370067016,265.9696177460845,1.1880127217377936,1465.5053327912399,21.876380328255227,114.00631991442994
2018-02-15,165.3000804156038,104.68013845557869,52.66520186155949,1358.2249833119433,257.34848350308283,3214.019481213791,10.619879893162667,266.0143245585541,1.190493897691144,1457.0289123797347,22.472070306141934,115.59719071658998
2018-02-16,162.37747130097802,107.87339833876821,51.06397157587789,1333.9796998569075,253.15629553895573,3186.7079633412723,10.336907615493852,264.68672286828865,1.195301844102427,1439.8712408185843,23.003213238049057,116.97122951115952
2018-02-19,164.99736482348564,107.61602496994665,51.923249477673714,1313.7950264737665,250.31867093286263,3172.2754955355367,10.155122091066389,267.22567878765256,1.1897767603067875,1442.1039741176057,23.11668692356907,116.77888977039616
2018-02-20,161.604875742676,106.28322074054476,52.381027037745135,1285.3171417421652,246.84437358112797,3181.607464459944,9.67971552761642,271.58939266360164,1.1881043263018278,1446.7860216243798,23.822206907663187,116.41923761113858
2018-02-21,162.40835314340313,105.29584951073514,51.394378237633326,1265.126411042217,245.8210403891342,3195.984069436511,9.331177893674113,270.8897388593783,1.197029178320583,1448.1620823604833,23.273864937538054,116.10545599968579
2018-02-22,156.96766045806183,103.58990405945613,50.859011301935496,1199.6399556163303,242.9740296236954,3217.4234536292065,9.32604420912477,274.4113900095138,1.1928372243642325,1448.691727852557,23.916401449800897,115.24691444419963
2018-02-23,153.4435045746012,102.40993028910343,50.40156085614943,1213.329872210297,239.70901651761207,3232.069514737789,8.97371357317629,273.7412609759484,1.193354250934978,1436.6457797242915,23.45547067770974,116.88010951020793
2018-02-26,154.17309321778637,101.91667358747132,48.943298535587225,1262.8842892635878,244.5744546405771,3233.5658704357893,9.220929134180363,271.4799312346401,1.1779150683756687,1435.3371075430323,24.20105245507398,115.96604170930266
2018-02-27,156.4237000679795,99.7599182095066,48.163853262052164,1267.7032737958118,249.81590637336794,3216.3903678099045,9.540623491552957,275.8897560242528,1.1693368075797035,1431.6283362618037,24.200237822171804,116.79775378152081
2018-02-28,157.09535546878723,99.89467439178901,47.09807832319884,1235.2800544389838,253.9817242279007,3229.3147768124177,10.746479645894052,277.2967796250983,1.1703751570426333,1444.2557876729893,23.027871659552428,117.46826170332338
2018-03-01,156.95691039112992,101.45880049462258,46.72515263580516,1221.506530290663,256.3568181256037,3284.994105427551,11.368680189989032,277.4188022689441,1.1777010595076063,1448.9349451783692,23.459117438236454,117.20555294626408
2018-03-02,156.2959687034396,100.10590851872072,46.053725934298306,1212.114430470605,256.8640423787718,3316.613442855627,11.50771149776673,279.25152059293885,1.1698249650494998,1446.0052999798752,23.945917897856287,118.9388644446771
2018-03-05,152.37400368746933,102.6820430972254,44.5926287916176,1190.093870758887,254.80470912846116,3333.945876988592,11.156297769500643,280.0535454188786,1.170378212835562,1466.378664720756,23.681244541583744,117.48807585726753
2018-03-06,150.59300300142718,103.6386082527668,46.44739473844751,1210.91425522776,250.8095102287607,3366.328393169536,11.321363639965535,279.9911075328861,1.1682984404611625,1463.5201663659732,23.469503989479556,117.43668249542156
2018-03-07,149.52885071676658,105.47766415226225,47.63992598565491,1230.9307591493507,252.46298769139537,3356.4473443048487,11.50775696190325,276.77915958932107,1.1739965774784642,1470.3594583562526,23.383093093081794,117.00152801168376
2018-03-08,152.58434966084195,104.48817043763002,46.9175029208278,1205.406692189995,247.57484439667118,3342.465439683725,11.216160857298933,276.2165334949484,1.166986505246264,1468.691002691809,22.291032075837055,117.92770177209124
2018-03-09,153.71537604632852,106.04316912226966,47.18798147358495,1223.3506807379956,243.52419038892066,3321.3742378264888,11.664409023192823,277.88139850687617,1.1696156351279923,1488.27949263348,21.017727413988432,118.2853903522859
2018-03-12,149.09265556144797,104.32127547541188,47.597894742823286,1260.6191565366667,248.4435874412928,3318.9585525789485,10.876857218034084,277.6855770366603,1.165915627198075,1489.611917606749,21.719422040162108,116.68545612283494
2018-03-13,150.144996950623,105.93432055703627,48.75999730112113,1308.3301118002312,256.7048140144226,3307.6996952099266,10.74475092510689,280.06182646655617,1.167333297548868,1491.2980897753307,21.282926818036533,117.87181740919343
2018-03-14,149.2869051636476,106.34289313006724,47.982585775115076,1382.910904479287,258.5302888147754,3345.203284338128,11.047567547159867,281.1429567409981,1.1678524738602816,1489.9282717048272,22.300002625397035,118.35415400435336
2018-03-15,147.65602251370888,107.40650343498851,49.05687230780443,1360.7727927696856,263.54460434408674,3332.256004952601,10.889848934184293,279.0413715505785,1.166499838967194,1492.5709075632537,23.084163998012627,117.40124355116474
2018-03-16,149.46997995315144,105.5211302878417,48.536795399202184,1437.2232543549421,262.5504380974672,3309.5924606098242,10.777852613907212,275.85834972431246,1.169406942635458,1507.264437614473,24.013753388858483,117.09669739622292
2018-03-19,152.45257454380325,104.13520495688442,47.27137488858243,1429.0116265574331,256.7499740002682,3369.3109336668244,10.703856013500355,275.5786039896946,1.169779181614446,1517.801836372438,23.633595792421094,115.9084885096299
2018-03-20,155.21583050550245,105.25076637045846,47.97536554854914,1414.4293894306109,259.5396967929136,3356.9938152624004,10.265861671400257,274.391205607541,1.1691195753326753,1518.4464462177948,22.70895228650214,115.77333644527006
2018-03-21,153.0723503628251,103.77988708309739,49.2447532973906,1424.6705108578885,262.1685410931398,3362.9804913361613,10.88645151899547,275.33312882590275,1.1671546725834405,1539.5625816329416,22.10684221139337,115.93564204004987
2018-03-22,152.40552030097285,104.66695861709061,51.87624661429677,1410.4113524753827,262.5931691021621,3378.019318188241,10.346177756243053,273.6687690850687,1.167724373660044,1550.6624447046559,21.86803091526641,115.64880432352808
2018-03-23,153.5010806103206,102.51501561643303,50.66151270514601,1422.5673610106192,261.6180370526439,3344.9752656327983,10.512080492986588,272.26612051294774,1.169138429898715,1545.545271086726,20.614507003804796,115.25583779061205
2018-03-26,156.4079126303803,104.03007802128225,51.39006664140125,1388.7190469409427,266.0390615731772,3383.730005826648,10.73175940532938,274.9687898268586,1.1634868277218928,1528.8777775102647,20.377052886234818,113.80112539994805
2018-03-27,155.2508635032927,102.11092230937828,50.98588720223389,1383.8167935806607,261.7227361530198,3404.5498370411283,10.234623355869452,275.4459515995605,1.1615717283532387,1524.1149441811713,20.280654644774692,114.13139160114689
2018-03-28,154.91869350157125,103.13063597470295,51.80652191917321,1419.4529292728746,258.4058509404868,3454.0179635921763,10.272101534965332,273.8188846267365,1.1555750473064215,1529.4690779995597,19.640758733393838,112.41020282893463
2018-03-29,152.04649948143742,104.28281569295241,50.32018335125286,1419.333466701343,254.116698392094,3434.341427343843,9.815374892729185,273.97193087942844,1.1554603886182973,1537.1011467632095,19.142190138368882,112.46064542343096
2018-03-30,148.98634723778048,103.24019264916265,49.079962735249076,1424.5809377748412,254.58585945989375,3438.781918488176,10.522356105651188,277.5041422998258,1.1521585792419393,1554.216207248267,19.04262416657245,110.87573784933932
2018-04-02,151.36288070641106,104.3207894733659,48.33874263679391,1438.9412573349891,250.0207621851932,3441.376432254019,9.939960032647432,278.35017420445973,1.156723135171395,1540.9744930124791,19.21876234693522,110.94273136420559
2018-04-03,155.2897082424892,104.87170460452144,48.42967012559355,1472.7776507630344,247.22821219795,3450.9395022395547,9.620229732294613,279.95153468060374,1.1607365482655145,1535.877319316004,18.80111996651964,110.95949030349081
2018-04-04,155.27477285677787,104.08587426030444,47.827032814690334,1428.6085186140667,244.3774610613105,3407.4185485536113,9.049023892120776,278.17388031684703,1.155509088586985,1521.779874601127,18.94467247253177,111.3403740436093
2018-04-05,158.29491879000298,102.53245652942057,48.47615883033319,1446.0082998901319,243.39451852941332,3412.1838384025286,8.455118167708592,280.86781834864325,1.1556113132244477,1505.8691295718831,19.01529977017973,112.13351146012519
2018-04-06,159.52000159502603,99.47211826526576,49.496897900772076,1440.0995166300313,237.4123005145019,3370.0053534673716,9.155297951987604,286.9038326318316,1.1594225301998389,1498.6244833247945,19.043313691954967,113.09983625529978
2018-04-09,157.86767160610327,100.140258392725,50.10904595441358,1446.11165900147,237.85964650582042,3382.2438141018674,9.407163340588365,284.9813880042661,1.1585225398574068,1503.326883126114,18.741038651241038,111.67474619661871
2018-04-10,159.08875937512764,97.77167787996873,51.77344135138085,1477.006483539141,243.05431605313134,3319.3915479706466,9.473383483882639,282.07890227909195,1.1544273649950907,1512.935388573472,18.132052158357713,111.64508391621555
2018-04-11,163.75099318110406,98.02871540260392,52.22147637822724,1445.3158035137128,243.7122666834701,3265.8406929523817,9.167432699074599,282.63793794020705,1.14825387108255,1501.8007631793662,18.923272412579184,113.47839577293433
2018-04-12,163.84192171847664,97.72381430255722,50.98114716446236,1419.1918678225923,250.28261866237338,3291.305038585997,9.593040332905275,284.9877659231241,1.1532842634040352,1492.4076517633312,19.22958843383443,113.6092896166922
2018-04-13,168.72423841018735,98.90022988180282,52.40612276759633,1369.3202286162302,256.12579824228385,3276.456844828652,9.205735818044687,284.8673820166142,1.1586173088902958,1471.602736963371,19.725129823858804,112.87877921747581
2018-04-16,161.14591275453876,98.531750370061,51.79120289176598,1356.4627784194097,259.6384844349294,3248.755128660903,9.578382275806183,282.29281637209874,1.1575290236157965,1474.4232874398988,19.689838811023957,112.8293932531411
2018-04-17,163.7440421490561,98.12161419016248,52.758699410450305,1392.5806768785862,260.07235435823793,3287.441150051646,9.169503576106477,282.1299077636943,1.1620878627864346,1466.1058594132355,19.615146927933342,112.50611279029465
2018-04-18,164.19772424331916,99.38663041087153,54.46200817207564,1390.7837974490462,260.2759423361255,3298.468045915737,8.878723210464806,283.7661436641788,1.1451002827229815,1486.0388078170392,19.863195803095834,111.47450285732913
2018-04-19,163.5124615641761,100.03083917276727,54.97822078257877,1357.1746807632635,263.78304895224954,3325.7890157746397,9.221815096902928,282.84164273081615,1.1528417596516274,1491.2169506061307,18.978397402138235,112.27471991429078
2018-04-20,163.97941455315626,100.64877946530508,53.37347740515654,1346.0538018935295,262.13734413464266,3322.1453542750196,9.628844707788717,284.5054670895314,1.1520526513916962,1489.47091460411,18.462382189123243,112.82337522832881
2018-04-23,158.40652290141333,101.51893237241585,52.417982054899426,1309.8437165418418,253.98259165748226,3404.5998812826915,9.920833076628849,287.618476329634,1.1529849039614124,1482.147525227534,18.103239402941078,111.64759887352831
2018-04-24,157.9708566583949,99.16410984934353,53.83934883314225,1283.4211602053704,256.21829521507334,3387.4817501564444,9.413578718831783,288.35632142298357,1.151253742904778,1464.8234230246203,17.90404624006117,111.58663397767755
2018-04-25,159.18047012195962,100.4826194586437,53.67364704767724,1294.2312028490542,251.43930542555788,3442.463189913276,9.205644681039029,288.3991368812209,1.1594318459483042,1449.1710896058562,17.519846818714925,111.1043185087535
2018-04-26,163.66811421483143,101.58382020757941,53.77526525199967,1266.9510422538037,247.45907856807509,3441.938962101332,9.278146398030142,290.6760764863696,1.153414229397195,1442.2647237732617,17.67152382128838,109.71178888115654
2018-04-27,162.34307122833235,100.05473062094693,54.613991040672424,1295.3142265569345,247.55902448297968,3392.4228489335424,8.892406738790587,288.560451281522,1.1620651693913315,1434.5100752438723,17.712855957909397,108.49870859722611
2018-04-30,160.18973153503407,99.77444165732551,55.39650767080922,1294.8592813303278,247.25789801176097,3408.5603231570913,9.523342357571225,286.2061089690718,1.1644863578844884,1423.3738514027511,18.346013785100588,107.4268973923959
2018-05-01,158.9400851123206,99.82145481301993,55.72297556474072,1298.2644389759855,241.48965315835008,3419.597563219994,8.445624764863167,285.63451140996483,1.1682342448023142,1427.9598724744505,19.522278437588344,107.39817119626211
2018-05-02,161.7746869959114,99.71650298996514,55.507557472433746,1292.7079951990502,242.26689363341495,3388.7495066613333,8.123097542639284,284.48659831030267,1.1664295234343391,1434.133576977468,18.92123888021318,107.02682778099984
2018-05-03,162.93022898022767,100.36092609782658,55.17808222222682,1313.1428001701124,246.3773636005398,3362.083942686567,7.91874890697258,282.5501532801565,1.1589405832916604,1429.1671022073251,18.99674543797351,106.2299438544542
2018-05-04,161.57773892746363,102.7989169770928,56.149837646059154,1334.1620087677247,241.79313637704672,3362.6815094190665,6.8691202675347025,287.35841944545734,1.1644616199168498,1451.7548219251994,19.07170491702151,105.91860926236734
2018-05-07,163.27325303927523,104.70879176526246,56.79198350941935,1344.0257735407015,247.17949394969838,3374.632583683775,6.40593296873312,293.1481825678376,1.1663927810096537,1431.8956729358335,19.070656922367874,106.57524290070411
2018-05-08,163.7551938402237,102.64614400528258,56.51743532416965,1359.8853730461424,240.8060565339899,3301.742913847818,6.609374783523832,292.3333843865417,1.1744782546945525,1432.84864612921,18.56596846966945,106.90117510990423
2018-05-09,166.83548413967702,103.78699751692989,57.771260371633794,1355.7715582279154,249.73150863594796,3334.519456001449,6.619390159349637,292.6918499388542,1.1734582153590607,1430.6313943697785,18.15054007654795,107.78298000032277
2018-05-10,164.93826399174918,106.13412571995593,57.63965261529254,1371.1812094950988,248.09083467945413,3321.040362591737,7.161074545242937,292.3143497668089,1.1711181450028865,1424.6273550480403,18.265434650115164,107.60781316217185
2018-05-11,164.16521473015925,106.91055684584421,56.68317904389921,1363.769950682741,248.80524377767165,3282.785726200404,7.736283220196543,295.3606809113795,1.179392426539464,1416.9815944459021,17.84416751581492,109.01807734155763
2018-05-14,163.20635486003476,108.91287540081878,55.84601029301351,1365.1922867924766,241.02625420988022,3312.0322297176895,7.9056183250328065,298.9714448718507,1.1908399326883512,1417.1861093144346,17.920736469330343,109.34394300827994
2018-05-15,159.1539721265312,112.60032268821726,54.77989626255764,1359.445718739891,240.86811741387697,3312.6530892128344,8.030410115254364,294.34504232435165,1.191014684456855,1414.9144499140216,17.816228576336375,108.93888264906843
2018-05-16,160.19667462722836,114.5858053715353,54.49860308053614,1349.0355161977745,241.90225753326882,3350.4507795591967,8.056926489652053,295.72701723872655,1.186659043705646,1410.7677470062458,17.884800307481406,109.04172747120165
2018-05-17,161.14446675574638,115.17041162764265,55.87681610244912,1332.819709710237,241.6448277830856,3365.0286198404824,7.055292568225624,292.3861609757223,1.1915970737778854,1396.4653590501084,17.468839530531334,107.979999719014
2018-05-18,161.35280677331022,117.24130975449948,55.00079566350557,1346.0614614723938,239.43850409242327,3366.329015376926,6.5801008923702655,297.16865723146077,1.1902035980825378,1378.7804905907667,17.543007309047365,107.73737374513051
2018-05-21,160.86584318929343,117.64275033664096,55.22507828984323,1381.381941301136,235.71065605923093,3363.049891901753,6.613307147051779,298.4678074756573,1.1938945535272196,1375.876901241048,17.166015942073884,108.13023009897327
2018-05-22,157.0075780703055,117.81727901100635,54.52085996254601,1413.8766689788245,240.38071325458694,3379.0435059025913,6.820175052165912,296.38282118252147,1.1924670561990192,1371.7324532472064,17.24028854789882,108.6823808186733
2018-05-23,156.0103664021218,117.2856384254247,54.25402586820856,1381.9017095319764,240.602860623651,3367.837684222431,6.919673798724649,295.8581276745971,1.2019489780434698,1369.8458434555344,17.83270097525329,108.34801344691554
2018-05-24,155.23709526000343,120.38885080976492,52.65579900077984,1417.586048081549,247.08699557237068,3343.431746111412,6.617683480016812,295.20772045962593,1.197872348451353,1368.9297581304168,17.95481818582401,110.76596107967008
2018-05-25,153.19515081990176,118.95342960812366,52.439787697146016,1410.4523201237773,244.98335840998593,3363.179917729393,6.935240243496143,296.72484518265736,1.2008739560804094,1363.4922199757345,18.105309921615373,110.6355930023073
2018-05-28,152.93445966041023,122.04013332028735,52.25269679427042,1428.0707030740632,243.27652847368614,3360.153105097434,7.468826537524524,299.6402162043398,1.198062991182791,1361.4495231098565,18.48455325312322,109.18183489516335
2018-05-29,154.23576554458597,123.1554992249785,52.836236976309,1405.096921020795,246.77176367749982,3362.5131266705284,7.827454620806519,296.67836622639834,1.1964975082000566,1352.4553679275732,17.852551968132218,110.26877999327273
2018-05-30,159.75377490047686,120.56136536705756,53.08863525153103,1410.3020505593493,240.15229903574374,3397.001284439296,8.224498673760992,301.7495596050176,1.194154337513707,1369.3186741305185,18.642044836175277,110.82782360156733
2018-05-31,160.44899816993416,121.40611744239061,51.84689442172221,1420.1530424487796,235.34309409154042,3394.8791972123936,7.997716419565655,306.26434803170946,1.198692414189793,1360.8579913176575,18.161968319493052,111.05564354379344
2018-06-01,161.38810120046915,117.52379738660159,52.999315709545634,1382.0351388831627,239.8710935378578,3396.6969806321163,8.439750609321244,303.9826718745411,1.2043296720739578,1357.096554350992,18.57137245740091,110.6654849208681
2018-06-04,161.3655041742603,118.83654438534089,53.23867272234981,1399.4988766480951,235.23353625797583,3379.7665448734983,8.501483617316296,304.30360859802556,1.2078136417846914,1349.5311297258452,18.92708622206471,111.03647754896296
2018-06-05,156.0746037862282,120.66434420161696,53.46637402899224,1437.1859387682312,228.16177680401606,3394.251607018377,8.721737458534006,309.14894778214455,1.2072824204830555,1341.8276042515192,18.510532057782108,112.50648943659475
2018-06-06,156.18744751787636,119.65767775365477,53.47259536031787,1433.8579539857503,235.61989376132482,3406.3173379225964,8.882562276610285,312.72351443297623,1.2082497204644058,1342.360593473659,18.989041012312093,112.71065587339064
2018-06-07,156.54460985425135,120.02640303472023,52.93761461254808,1472.8685236466242,230.19458820579783,3435.418403936261,8.828769979778546,311.90191782009106,1.2138066441287032,1341.5314403774546,19.232611293865915,111.41519278454594
2018-06-08,163.8382030991833,123.97479301574953,53.18466932623229,1469.037904202169,231.00861788461194,3418.926335571095,8.457178277284145,314.32196623673457,1.2195817427656883,1336.8767959115844,20.169202438266815,108.40095143041727
2018-06-11,163.46793861536642,123.1109911480306,53.709073460012235,1494.4373861425104,231.37261547735255,3406.230355064118,8.422517279130092,323.04531754607444,1.2034068644595444,1334.1152476280265,20.27302689219208,108.75670709301187
2018-06-12,164.55497833569146,121.1759709084997,51.880554065916975,1434.185333736039,220.66567726809237,3431.9734606482566,8.848490050624726,323.4805715865988,1.2018901915424958,1326.7201287626945,20.22415525489479,107.92386600710338
2018-06-13,164.64965563450085,124.21953063021567,51.33993053500857,1503.1362431390526,219.75304523317564,3441.148788269505,8.655310285761518,321.772643785364,1.2006633349499094,1331.257032353136,19.97154741691255,107.85937899861176
2018-06-14,161.41581100304123,128.32316434836076,51.09414354928465,1548.0057053489188,221.5232210491757,3414.5625991486186,9.050684602894677,322.4012860534349,1.2048082745344748,1353.5965686978393,19.12554258405397,107.18493547026033
2018-06-15,164.9684961595246,128.47199391383765,51.37200093284793,1541.1972912447045,222.95070181183956,3456.3336522857935,9.390456758457413,323.2467516226087,1.2045265581351015,1344.425043493927,18.97968241824412,106.4535180410542
2018-06-18,167.41726984750014,130.71172723358694,52.62859036971334,1486.0028804711956,226.49220527574028,3405.263538373647,9.25114257260916,321.8530702492453,1.20898662514509,1348.938720729796,18.854876877867543,105.82494286354228
2018-06-19,170.02200892569743,133.6945817157889,51.83806365105003,1495.6522864566991,225.0951447064111,3430.756863856167,9.916371423303419,323.2641411361947,1.2026039990739037,1349.6937868272353,18.98450376940062,105.27618641013666
2018-06-20,167.46241177238596,132.26112786963324,51.339758012393794,1456.6333354026885,227.92935938731713,3393.2697634736805,9.741642489738439,319.76301838946705,1.2042891520365553,1357.2041072821964,18.326451942908747,105.95316231634195
2018-06-21,171.95094219771687,131.38255261337795,50.83142571650669,1470.4670266198375,225.3640646237497,3452.7329786780033,10.50537551544192,317.9805918826782,1.2098428871156033,1365.063740520047,18.222738315065985,106.46180495105409
2018-06-22,167.86765434961595,134.14312255439253,50.03807561799981,1483.4935370454273,220.1125955676249,3406.429542055595,10.735901753801352,320.28606580293246,1.201076924561277,1367.582285172224,18.492707349721115,105.45901260174091
2018-06-25,169.8540136541129,137.96051722893492,49.706738036211256,1458.6526161540949,215.39592173130436,3443.3159412315595,10.727388383971071,315.39338925208773,1.216389213003369,1367.420147925475,18.813302491279092,104.57959890640241
2018-06-26,176.896979459495,139.36182811454518,50.49410225756313,1491.543541168284,210.19211657483186,3442.163624425741,10.261613249226317,318.0947272170035,1.2237760950523315,1362.9483522138596,17.963983191346543,104.91824928901421
2018-06-27,173.97956891999118,137.56500943858455,49.4558242923028,1516.0639000667384,213.91632091540203,3432.197790167613,10.216428405826539,312.51153811419994,1.2239067603330849,1354.9039638672148,18.289534019775328,105.82655576854356
2018-06-28,172.4219229084929,142.1651740402827,49.89576455401434,1545.980103131116,208.56216809947736,3439.304879456639,10.112872092064343,307.80284650004734,1.218969664288361,1354.1254358576032,18.18259171060369,106.72960911118027
2018-06-29,172.9388800833837,141.11766482970683,48.24045941383578,1547.7873215510476,209.61988632044975,3460.3041301479866,9.49622411201951,306.5462559297476,1.2180248101999742,1340.548824328524,18.104116891735433,105.89789210026902
2018-07-02,171.58446900343114,140.517472463729,47.71621684724311,1508.2219180638433,208.75788054457246,3433.626116466888,9.393457972107734,307.4616718686661,1.2186571435268279,1334.462050993162,17.07006732314906,106.76069551202968
2018-07-03,167.06178836981465,141.44475906602793,47.417033938911885,1538.0432512706882,208.4772845667138,3409.872123137104,9.023419169156943,311.2753242671498,1.2214673272285286,1346.6002483830575,17.724817209926574,105.27539037278879
2018-07-04,167.46893439609724,145.1656947316336,49.04698535169053,1531.6934231678317,213.4518781966275,3431.238359697199,9.291712891902755,311.5613946681609,1.2307899112552585,1347.9314786682578,17.80867560203576,105.12568210958658
2018-07-05,164.49437924941446,147.324763867446,48.792795916892324,1493.269652069832,211.95164248291135,3380.2685102739833,9.918849530264954,310.99518507227873,1.2279863023010427,1357.863481099321,17.144873733631805,105.55718229656539
2018-07-06,166.10183509245113,148.46916237861151,46.70530743732045,1533.6597323535461,214.25253164130567,3363.8867807654865,9.328657893240166,312.7467198518927,1.2315693179063065,1374.1971171781927,17.311642649021337,103.8370016954908
2018-07-09,163.57170035004728,149.73841809622826,44.88842784091235,1597.6688594336438,214.47516497809465,3458.5978732665276,10.162521011286856,310.42911176821997,1.2237587666056533,1372.5267856221294,17.466612852043845,105.61128527098114
2018-07-10,168.4013717822889,150.00762514562,44.9324666504055,1598.0144494923784,214.00719357241948,3429.9687533180063,10.097410357099248,310.9432153653423,1.2213527732604545,1375.080145176034,18.014100736840476,106.75951644086447
2018-07-11,166.2431853780432,151.51980755500927,45.50107893551189,1666.5992808792982,222.62953331139306,3466.971257785925,9.616957259325028,307.7276972031333,1.2237778337329046,1372.038032866173,17.88053348475687,107.33500452902523
2018-07-12,165.48070157110254,145.66994299011932,45.85779319042,1671.1636351832403,217.3276874040076,3450.1158822044745,9.988312509730461,308.0797279907663,1.2281377180455737,1363.4202106965752,17.891263265696093,106.53084858062876
2018-07-13,168.12334242234192,145.13983815483172,46.02554451089278,1660.7868716790322,222.23192325957683,3467.3451886667685,9.767816360651416,307.84305138022745,1.223643409209037,1353.3360028718002,17.611327676130493,106.49411998790977
2018-07-16,164.63688196656514,145.86168792429788,47.12208324101695,1642.6532969716854,224.81558581522515,3489.220738001653,9.72797837963335,305.74507556771044,1.2210716206984842,1362.7679114597756,17.881935768142068,107.19109043857124
2018-07-17,165.51082693705533,143.3576568209627,46.63027113222228,1696.2456441985123,223.0795697023751,3526.264296592731,9.533311991700621,306.3220605979355,1.2301444899595562,1365.317331262394,17.54034699438901,106.25393485691822
2018-07-18,169.65469777252278,144.40527806078003,47.48662709065535,1672.9601973139504,229.43664561423583,3521.3229364396107,9.1518431295821,306.88220625271754,1.2374356041980545,1385.9137970048055,17.15824827296058,106.12185902079844
2018-07-19,165.01402719523017,144.09203652158237,45.97546289139803,1698.1930048280594,222.42924822033947,3586.3562501588494,9.489207930537377,310.27005613794904,1.2388499172914358,1397.0126277340141,17.134330258761562,106.91895504858735
2018-07-20,165.76214394940223,148.35971759316052,45.16438718319501,1681.9277983176553,220.55322132975516,3568.8117094426734,9.354336900674108,305.9410286205573,1.2251952724986372,1389.142173821984,16.62217212163238,105.66929492431902
2018-07-23,166.73934477297465,152.30851453870036,43.574322971970616,1668.9502000718676,216.15480371722452,3577.773464388576,8.70595684155249,305.85401907768,1.2407994630718082,1398.7922041345746,17.30664885573535,105.97187785824265
2018-07-24,169.30546947629244,151.3439824625888,43.34845871688243,1703.644108767556,217.76146223382753,3587.114654718739,8.949167328227034,303.8899303687478,1.2407998876631756,1395.6615728519587,18.166376180040363,104.5155222500194
2018-07-25,165.77633200463953,151.1453372429206,43.32136467596984,1693.0791445310858,213.76518880893926,3552.49597832017,8.425656318038802,306.4006083101127,1.2389861287382595,1409.5964056649952,17.966926851061274,103.75006904527538
2018-07-26,162.07695660410207,151.13276836064097,43.43336626596791,1681.7883780140414,215.4309091923184,3544.7853164769695,7.9535499677434185,308.61008887551645,1.2358779490358964,1404.4036373576027,17.359984137342767,103.35276957258587
2018-07-27,163.80328257906606,150.20967622715216,43.500203696169976,1720.0975893230964,214.83511610551955,3551.3621002789796,8.44224844082522,310.1479837164436,1.2383296841058389,1392.9075814188477,17.51193408909307,103.79901991794469
2018-07-30,164.87901054479957,150.84496074065265,42.713479694889145,1774.877800494397,213.17678863527792,3538.992672030305,7.9520653001478205,308.31286136914656,1.240849661130986,1384.3452815693652,17.30732865551705,103.23936414608526
2018-07-31,165.82297552063451,149.1899082164209,42.564038804350844,1798.5498153170618,214.67576460331705,3619.0459682357905,7.082375954929436,310.90403216978393,1.246886313978622,1376.398063162259,17.828477916903452,103.36377921455204
2018-08-01,167.06064238886958,146.67660551494566,41.320585079896716,1778.0905366415602,213.78316434749613,3593.2706537219833,7.306413415411261,306.7745484599484,1.2412503074868326,1367.4503857200787,17.486311886117054,102.81762398519415
2018-08-02,165.22636282005755,148.308354161365,42.47541268155629,1762.6854936744955,209.94707146177828,3633.068665545004,7.196244847699354,302.1414579862409,1.2394363374653425,1361.4728714436517,17.731296241710208,102.40257345588586
2018-08-03,166.11777024878322,149.9746160965392,42.23092877360944,1767.1302176394818,220.27544789942112,3662.645834656262,7.118354470224721,298.81136040615195,1.2522093088857535,1371.1100159550351,17.787235036030577,103.45297232314964
2018-08-06,167.1969235496469,148.21990292705894,41.832566520205845,1779.7173436495445,218.54609579094125,3663.6540829364717,7.007293711039216,298.8408625240958,1.253741639017875,1391.2310408183566,17.49428978115138,102.52588572273295
2018-08-07,165.25900577587996,150.5240223643695,43.196261238958975,1748.3720602535057,210.5446201021795,3636.69081426645,7.088934607048787,300.7825802370513,1.2527858727193124,1376.7800558623558,17.604873641762797,103.17107596661344
2018-08-08,171.10850994482675,149.17460191446753,42.148918065176986,1774.3298894070767,207.6350403612873,3613.0773231548897,6.82709395199518,292.9504220521667,1.2470262048579828,1391.045446586861,18.00121200313507,103.190833975793
2018-08-09,172.7813476858766,149.94492929218015,41.22303793098811,1778.993184896986,203.2909534690964,3597.712214997448,7.35003330051701,296.5773532211737,1.2503097896474487,1386.016706658293,18.04575184287617,102.73733665295003
2018-08-10,169.318819896,152.093215513162,40.341183356372945,1723.6585913323,206.24869474516802,3541.7695533477813,6.827054489545573,297.0463187229954,1.2568975760248342,1390.1574509755346,18.0951223538403,101.76186418665453
2018-08-13,171.53741583020414,152.1787462018471,40.298548020168155,1695.197946472922,207.4625397192614,3511.331419138061,6.98061530672831,293.00161789006256,1.2625321934961862,1372.156852249322,17.70988278233121,100.85315302482996
2018-08-14,168.75654950025623,153.4587262326128,40.66013269086942,1680.7179810550315,208.95708783711547,3466.179568800238,7.208371910702599,293.3852681205446,1.2610256242095845,1378.1970048492565,18.229259226278327,100.27900672383673
2018-08-15,171.36994893988003,152.36344801904565,41.27849164847937,1680.0722118011606,207.72986872800848,3509.8239293300935,6.939713754144759,296.40281250957736,1.2634317613371937,1356.534963442477,18.717176233541238,100.1787342363254
2018-08-16,175.19145143670025,152.05241649402282,43.47045393052687,1743.2184225359883,206.82842263760946,3530.826696490757,6.593430704908444,298.1254441382423,1.2741635650560588,1360.2181728686764,18.531604719892957,100.68370909715458
2018-08-17,172.82976667959082,151.71921698138365,41.57058551689962,1752.876806466479,205.61052926527654,3557.314129305069,6.93743782112892,301.2094918804065,1.2811323654836073,1363.2930816451085,18.479655536536654,100.46225612021823
2018-08-20,176.06405412847377,150.082674008119,42.09241465674327,1726.823617657538,205.4090712855775,3577.646885049092,6.602111212817663,297.6474669236716,1.276246736858041,1365.6509720550062,19.150444810500517,100.2949765183222
2018-08-21,177.59007223594887,149.8234971674034,41.638488280271716,1735.8125755405376,208.43018247361883,3584.4605847677653,6.4048549042157035,296.6591219767203,1.2602290729278147,1357.9170385360399,18.620938484389093,100.24765630041794
2018-08-22,180.45384023599604,146.31766165581945,41.1653398123528,1725.9644225850286,209.70827765672743,3633.3464883960655,6.695406737311782,294.31820504324526,1.262226684095614,1364.1726801376906,18.910056723403983,100.65088137675113
2018-08-23,186.94552906341627,145.3321137433505,40.67042594391486,1738.3847654259303,211.5834173572847,3614.874929336558,6.7070471789223065,299.0227728792746,1.2674033631921922,1368.721102218163,18.653401919147296,101.19165889284567
2018-08-24,186.34509421030532,144.8304220735919,39.94988524011775,1759.4252133998343,213.47331369997698,3619.794601159147,6.130655074810518,300.86871281752536,1.2606457492180272,1366.6974095146918,19.507138683456823,100.09508734501475
2018-08-27,184.05470973768905,144.39674418910613,41.33114352553023,1802.1178465905573,216.79394753725677,3645.6723757197233,6.690272228863066,308.8010090697581,1.26071641340487,1374.3377545113312,19.543967149861913,99.88944355655853
2018-08-28,181.34871667805308,143.99818853858932,42.045915311443295,1803.0886504117937,217.94568984903526,3604.0201494229254,6.515305017967903,307.62718148312626,1.25918117187575,1373.5617021480225,20.1756436315366,100.89528956779886
2018-08-29,178.91971829375402,144.01428451916914,42.07804728059395,1861.9817198369926,219.36704245524695,3707.3570253019575,6.385412952381545,305.7496201318656,1.2599639100440632,1379.6603781791757,19.801207731212784,99.85850984058914
2018-08-30,178.88611482137827,145.2829989213968,43.24348029859368,1896.2794683826714,223.93504361819072,3709.793899981511,6.467601801346522,305.47901708448813,1.2566627502756176,1378.5473936602382,19.198453238774448,99.93787926402705
2018-08-31,180.2041020626946,147.4922792263132,41.967516323396254,1872.8333424306973,221.50612585835935,3716.0238070546307,6.672931143875412,309.4158940569066,1.2649241390913806,1381.215553626311,19.092073117428995,99.82134453726897
2018-09-03,181.32129049064653,146.1275085142894,40.877582005023676,1955.096784215384,218.39440414351625,3759.801373654998,7.360401109409037,308.5214065852546,1.2659869247748585,1387.8582492245168,19.223631227479377,99.38971414178515
2018-09-04,184.26221814423525,143.49904395825692,39.14694714175557,1969.249673804215,214.12114528333237,3792.4063097483822,6.774130522357098,308.9906966681916,1.260561064649546,1383.7240207815557,18.985433424761727,100.68279086718745
2018-09-05,184.52664599383849,141.28168483255646,38.61474313670938,1940.1886844685691,214.87393383186415,3795.2239843784955,7.0597428885727735,309.38343107169675,1.266483575582633,1370.406947457363,19.354592095806808,100.73260960299758
2018-09-06,189.64568001894148,140.33892860734449,38.75144791418903,2004.0909699009976,208.29139853673027,3801.191594075095,7.326948435081714,309.6172495459981,1.258629315568528,1373.7117319520462,19.259045948096887,101.97816656671516
2018-09-07,188.97101928275143,139.7045274964861,38.842899466223436,2086.876291269952,210.0183007642075,3751.580651301317,7.276870343838223,307.92777835195955,1.266865520906077,1387.122559919145,18.287996957632252,102.00315607792881
2018-09-10,198.69216374739543,138.1458121867272,38.97077983873166,2087.653839220791,209.71267735679493,3734.3324194589945,7.569027236076669,307.6705753384448,1.2732861178656723,1390.7243249826092,18.54806071965498,102.39990673977414
2018-09-11,201.1837608389878,135.45938731197157,37.89772158487557,2069.8404262040526,213.88259986121383,3753.256856523612,7.930993072060936,307.2951623516673,1.2822930615529091,1394.5473007927558,18.1487522845491,101.94852507643999
2018-09-12,198.3414196551499,134.6224154997552,38.52294695857678,2065.136635061091,211.5380042414819,3769.7888565940734,7.401481022234098,307.39717609586785,1.2814070060022693,1394.3556908138867,17.9908245220121,101.50816924208706
2018-09-13,194.78839635181723,135.16236553622656,38.71962738358802,2095.4666938925197,210.89244424053283,3812.9740890663747,8.078194896038104,310.1426323474172,1.278360155115177,1402.905421761118,18.708728117889244,101.86150134315818
2018-09-14,196.723330107933,136.60550341851615,39.30327012235085,2149.113798863607,215.04035694697887,3810.364965074593,7.472505348713395,315.2222508598909,1.2790252144239949,1401.1003666568095,19.562421438020888,102.2310696913419
2018-09-17,196.16889469286355,135.5415812644539,37.85459909975128,2174.708929088335,220.2446608571676,3764.591655322549,7.060137427025852,312.9720957031291,1.2786131994274388,1396.3011629397884,19.28877106455898,102.74185054729992
2018-09-18,198.9449204358501,134.79707519684465,38.102591502498946,2181.0961484948134,217.79983066528789,3802.0864094120734,6.968326762744928,311.9946664134424,1.2745744665956726,1408.9843136122056,19.57528462954002,103.07253494191873
2018-09-19,200.88774750381762,132.95933478168817,37.219283233273366,2246.312076784686,218.56134143624536,3853.087501224117,7.6723438766978544,309.81055127565344,1.2711782860583736,1403.2974565769202,19.31266155581084,101.99681585632963
2018-09-20,200.86546618466951,133.03873164762769,36.93577259327314,2235.2339573423187,219.74589071998463,3885.9169395079093,7.554997972735941,310.4568429438729,1.268978683103375,1413.6012989053722,19.180403283776034,101.36122750496922
2018-09-21,198.0645672132824,131.38940131254037,37.3438345767908,2281.7287262066225,221.23465919020853,3881.750739549758,7.542944574364404,309.07987989184954,1.2617029700736992,1426.448865043526,18.897784824194556,102.0731986138574
2018-09-24,192.96828028229945,132.74572923108508,37.423157545260565,2271.5449069322435,220.33743313557127,3919.976848796577,8.102855764680408,309.8715714425798,1.2661137738223533,1433.2184505477685,18.105868606399227,100.50650647561991
2018-09-25,191.65340441749174,129.14833457944832,36.80224684606574,2292.515329543613,225.27991058205347,4044.4515014451476,7.982092985481276,313.0899621222207,1.265909331076418,1419.2501884952253,18.15439170593968,100.76220393771865
2018-09-26,194.86436134537007,128.54866511097643,36.817908176390624,2289.862846052284,218.24509425546177,4050.2650077809726,7.525361281465644,306.17538243868205,1.2640853414153763,1419.842478968016,18.29113714260512,100.6921944281852
2018-09-27,195.85163750321297,129.31163508051253,35.71796043627157,2289.7227302647016,216.7749032260337,4004.33163027629,7.369995374186275,307.65656187891204,1.25721258921383,1417.833404811379,17.99225863856401,101.39917332736219
2018-09-28,191.73881800672513,129.83528636628114,36.560155638500184,2275.6378526961694,218.51929675283142,3984.851780997823,7.8928451369961286,306.5075593584705,1.2500645308916225,1412.5010694015043,18.49381556732719,101.75804708462624
2018-10-01,192.5683931526628,135.70116579396316,36.42128378967909,2336.870437863455,220.31253394816576,4008.950159074475,7.92086106376906,307.9034374269712,1.2623495982207087,1414.3979362987136,18.29877974659741,101.23920325523959
2018-10-02,194.14146465270238,136.61297912264132,37.25642160851496,2306.8593709355778,225.52793930345874,3953.044978326573,8.723607295388037,305.55139413291073,1.2585225550908012,1423.4131362381722,18.014988061261622,100.68645331266492
2018-10-03,191.3066539639021,134.5838042067699,36.877207910287005,2276.9176194141623,230.2610999677481,3960.6604442066823,9.051491758808922,308.9824079032309,1.2624964870203264,1418.4846917263742,18.25915612035703,100.28629020052072
2018-10-04,192.06708472721695,134.52629161889308,36.50401186407532,2372.920523116174,229.23775001784097,3975.8311478710043,8.764321739379714,311.6572008289083,1.2636498904515254,1416.8245313302455,17.5736322260474,100.77290320344115
2018-10-05,192.49929041301675,130.90079095358197,35.96112280726784,2419.8379823038954,234.45354966472405,4032.755606880646,8.78673280233575,313.3807916452659,1.24636127933451,1414.3777057921645,17.98191598689382,98.9536731503759
2018-10-08,188.80580540275804,130.87597504126626,36.60782119877774,2314.939210409417,231.71745803154027,4082.222903811742,8.419766041743559,315.7523075264731,1.2577074552828773,1427.893981956329,17.8073689315765,99.09815545456439
2018-10-09,190.25383889151493,129.28525244931384,36.10290338879142,2292.5013456922356,235.50775943339968,4115.757634706181,8.143014069768974,313.7659999743793,1.2621429163910456,1425.2451213230916,18.25875166660258,98.42024763054027
2018-10-10,192.41476879123465,131.33712185585358,36.5823248818568,2217.134762441288,242.96629835099515,4038.037559860035,10.187022465038059,312.1459513721032,1.2574333918578549,1411.5220194557369,18.861970867358714,98.59033493932222
2018-10-11,196.43826688843143,130.33066819004065,36.31446508485803,2179.6244505208015,248.13595302107205,4073.2788916594213,10.719299714538392,314.3926860532892,1.257380791347854,1394.1446734518693,19.17201392591468,98.88219738115238
2018-10-12,200.44034182607814,130.23057949953494,34.917805420742376,2055.5034646369727,248.68197968567807,4100.864971320093,11.19089753552733,312.35277395227416,1.2503017266772147,1398.4757960761851,18.792395162136103,97.59542365166845
2018-10-15,195.76571386968916,129.0548673620555,34.532144045538395,2052.2115384794124,247.38223510770956,4111.96665722251,10.847576728620917,316.5698619957328,1.2618968253712073,1390.2693043742074,18.219300198768977,97.43794093207701
2018-10-16,192.71988394796543,132.8418421640775,33.737448013828526,2010.1736600199154,241.13298806407687,4050.0507841355743,11.733182225817107,315.7755355323118,1.2563085734614856,1398.0064654312382,17.58294971160814,97.57879787601684
2018-10-17,194.74838478638776,132.30625907240307,33.77046121751198,2014.4764115288713,242.50632022782528,4023.4448162485905,12.396221339196122,317.33204305041744,1.2531524009842328,1383.47369772911,18.079929102660145,97.66701000042164
2018-10-18,196.79381141330364,136.39298198879874,32.98583863866913,1955.179514155156,238.04722538083945,3983.0069544219277,13.619093744560493,323.51384992338836,1.2487143374885312,1377.7975022644384,18.024508783396147,97.59109290942125
2018-10-19,198.86523741589085,138.33340098138734,33.61249386977604,1960.2212264864836,234.9530696717114,3912.9907302714255,14.926355371987784,321.5927249369005,1.24934122077194,1363.4819163361642,17.76183201026216,96.66188116738613
2018-10-22,213.40175508793405,139.5579306061726,33.56139076896327,1946.774554065112,230.336921255328,3914.4535372743667,13.862314940570037,321.9205485104148,1.2580563763047379,1368.5045116256906,17.70858999287175,95.85820838810494
2018-10-23,215.86486619409806,140.538225386616,33.45242907797962,2005.1342870162262,228.6326215008528,3888.0017582107666,13.11402185632436,325.11937410342824,1.269489490601627,1375.9017393224692,18.198976612336963,94.82619836039211
2018-10-24,220.58713214523294,141.58217284555758,33.90431338775783,2061.6916084083427,228.61536495127186,3982.5530720771344,12.472081142496624,328.046024232753,1.2670861103900684,1379.9100665050778,18.56232255228551,95.26648688281017
2018-10-25,224.67722253037047,137.43313584674732,34.574637171849815,2094.779676329814,229.7731252729177,3978.099296687977,11.897111095256852,327.2104619954522,1.2696117663425848,1368.2476551514883,18.772565289840017,95.19748495677564
2018-10-26,227.60003322239461,136.97184308452543,34.57111160176363,2083.903295662472,227.53038671279702,4026.300321674542,12.091082818334261,325.82258146756584,1.2702588327319848,1360.3808908392914,19.080057170493887,95.17711240821916
2018-10-29,226.58383339707314,138.9894328130994,34.05219186662029,2166.1793490031587,231.79691465660193,3971.429195417688,11.753229467792206,325.26973150201945,1.2641660284031548,1363.205946490604,19.171944208848217,93.90611902833055
2018-10-30,229.97634315511863,139.03358913308548,32.87508283537855,2105.298530539207,231.0703318496651,3954.1087275523428,13.036563391747555,329.6678067025569,1.279699668679497,1345.1927454771558,19.323090846520195,93.89965640829085
2018-10-31,227.0716471569941,136.09218878801803,32.436814088265116,2051.9481579875483,228.08784724857938,3959.1418742852993,14.339127252856604,328.9722985843454,1.2885779092629168,1342.8688099170026,19.43598857023067,94.39572854462445
2018-11-01,226.37725081237798,136.12778546815917,32.04848044173778,2050.7340125222513,229.05858905679327,3928.4852453669523,14.334495320150836,329.3353687978809,1.289925924190398,1359.5360084049453,19.441790473369444,93.03363617490858
2018-11-02,224.67756166852237,140.0444303465862,32.12681112918055,2142.609562822336,236.92845464150844,3915.151835365348,15.806720590026336,328.20404762587,1.300298916862189,1357.8517113948058,19.81737829510752,92.65453109065228
2018-11-05,225.27909362856755,143.02364973221066,31.915378605342404,2136.523699663401,238.37759403975744,3909.042869078543,17.027708598768477,330.42689790783766,1.3083341773151225,1342.0462074530903,20.00318072344815,91.51611380554344
2018-11-06,235.14536652305986,143.03908794458843,32.3672348483345,2131.2281486640104,237.00646052824447,3902.382958902903,16.64827498905035,331.02211101784206,1.309000690399929,1335.8077910082934,19.573437574640145,91.22717346338533
2018-11-07,227.64630495259155,145.3931021712786,31.98243914926014,2075.7076099743417,231.02375883268434,3969.6719093483725,15.057042765791353,328.1773847966084,1.3112669829628179,1329.3507393679276,19.83990435327998,90.59009425724417
2018-11-08,230.752524517604,144.70208046064576,31.95555887041392,2115.4652708554067,230.2557270174163,3984.801444866626,14.89383576566341,325.45846586606046,1.3213506895464542,1352.5789824272078,19.968907874031917,90.88474295636209
2018-11-09,224.4194685500501,140.96548397342406,32.731106704941695,2156.2813123402307,231.2696454293917,4003.636529313844,14.42144469590923,319.7845226884267,1.3152459668672651,1370.99747661616,20.28256792695987,91.02608004329001
2018-11-12,222.78833594382618,139.04861359586195,32.965527866898235,2191.042706446948,229.84276640996507,4024.738635195435,14.571121566655274,317.52784322984695,1.3264313608089346,1379.3136819092517,20.235866949833667,91.98983617469332
2018-11-13,227.471115453544,142.72644560206672,32.93584750949652,2167.170412744266,223.51620387636,4048.6099938100083,14.636274606702468,319.9328154181594,1.325071719461958,1375.8083318054144,20.65691498240643,91.96843973069238
2018-11-14,228.00790642016278,142.25851648742216,32.55147770784613,2140.4047160459636,220.39564121227798,4047.2094864558167,14.682464526038334,323.8967741655547,1.3353453794401657,1389.364534731068,20.631415028729474,92.23626419383491
2018-11-15,223.8958301313148,141.86158056032698,32.151468873712915,2090.5466944068803,226.00371884527408,4037.1577235602103,15.07199113127041,326.03179003058096,1.3354440210573848,1377.098564356513,21.01448386247812,91.84402100688483
2018-11-16,221.2969429404707,141.33802846209906,31.6186100450724,2095.975726610851,231.67359693299,4044.8410533514007,14.185382486583482,327.79439976173717,1.337833972532921,1389.2880181554117,20.78226793142152,91.05531665302514
2018-11-19,224.2896265487801,145.8706939924441,31.287721473974972,2055.443102418442,228.29909864043043,4088.808023087079,14.480168822961872,327.5523361688721,1.337738264928939,1399.9201328918998,20.588213842071347,91.68376295947174
2018-11-20,221.62607013679244,149.88014094965277,31.773704721862465,2011.9824564078453,231.0175012811598,4132.116041078071,14.165355616797392,329.9767107211598,1.3343190780181968,1398.5058562624624,20.90670835828901,92.6187251867926
2018-11-21,222.7584159294514,155.46745204096712,31.642504210674247,1997.8476160987968,226.5255480381679,4124.835120069035,14.307707073590386,330.9603509013309,1.3326518553726214,1411.5916699897448,20.74023942198032,93.16168971666666
2018-11-22,223.20890813411373,155.24300675000592,30.808968275363373,1981.346059524021,232.09136533184292,4155.100606399327,15.009282462487622,336.5136197997366,1.3420071821175636,1406.831682949888,21.92264923582501,93.27819831663622
2018-11-23,220.87111347552934,156.15071560607285,31.927548013886504,1963.1588807125806,233.15421921069105,4149.489768688899,14.11797561687329,336.350111282851,1.3267012132445353,1392.9439510855386,22.241978766647687,92.57264236627998
2018-11-26,229.83699219226952,152.57486379775605,32.14215842587424,1982.6162225841279,237.04358451090297,4152.415505040934,13.920800622595467,340.57647211388723,1.318639786720919,1404.1655025600521,22.26251953052258,93.44066954671118
2018-11-27,232.753713393265,156.3952311937217,31.259697468670417,1987.5827567655765,230.32409786946448,4136.411001028268,13.838540058764815,343.40369718534845,1.31399666519054,1403.488937263282,22.730372944474276,93.89365002915555
2018-11-28,224.6914895829259,153.66914216575617,30.993969970886365,1978.7082656560249,233.08594983289808,4131.30648706245,13.487239402155945,345.8225230825507,1.3070617226348542,1410.5440476492165,22.465595162935614,95.44610932805217
2018-11-29,225.71755963319933,154.3727716708923,31.072102663416068,1987.5872905627068,233.14878450151724,4183.154672659178,14.107907894758434,339.754154974689,1.317098954512104,1431.5282388239593,22.99692256716241,94.58760067492203
2018-11-30,223.31254229876242,151.85307360017632,32.15931801287461,1952.44507665305,236.64463939782306,4188.310616986586,13.608792154757133,342.74440296358176,1.3255400232611232,1423.5653569238402,23.52447305753156,95.26161305265744
2018-12-03,227.03770958964995,150.5946158031507,31.46387268822624,1958.311782136672,240.45004542407284,4195.090869930706,13.236074860360807,342.4882726596544,1.3296025994497123,1422.2178274075823,24.280647585833194,95.70014182441557
2018-12-04,224.09067116359887,148.7542126247009,32.09373382833868,1965.8883187901984,240.81540758072018,4142.460939880276,12.774488411358307,341.25912233407604,1.3255017670176206,1440.4773900530126,24.021743494316148,95.4577329709478
2018-12-05,223.89685923839298,147.4765765354716,33.01462125849782,1912.45225838578,238.4635795773178,4132.600401442639,13.49140559042146,336.8695828316422,1.3345128770699697,1448.4940541177566,23.30553923612663,96.52424708052006
2018-12-06,226.21260044339232,146.37083932805305,32.61190630187389,1950.9267279879246,241.74209327406132,4125.284602095841,13.163273671070321,336.98741204754117,1.3240903422903079,1440.6957712996855,22.95962415572186,96.85480515768226
2018-12-07,230.04130057116737,145.25213523699546,32.44113360492003,1920.4456421716525,241.5916250906675,4096.2532747657215,13.469568068254224,337.2240482497713,1.3384812862513427,1430.0165673755985,22.805379221342715,96.15080639335345
2018-12-10,225.3947986328941,147.36381168254894,31.785206856354197,1925.668443016153,238.12874121342662,4098.691224402714,14.868102981064977,333.4258573190129,1.3340406959804052,1424.2728241919815,23.783135306045544,96.07903621905615
2018-12-11,224.31078043226125,144.94098128613075,31.665626832731935,1970.7160890099553,234.52656591534387,4084.5234727847164,14.812586488283392,329.16561139027107,1.3324272482762636,1416.1671994703677,25.13225371139772,95.37154621278597
2018-12-12,222.66835948797322,145.6134192628559,31.651956582930328,2007.6900494205977,228.80201673727336,4089.100549309101,15.659539621383262,330.74264900588076,1.3297029326803127,1419.1425511031239,25.35734894560254,95.0337555925883
2018-12-13,220.3293695636468,148.64228433994222,32.08193072901602,2011.0101669360552,226.9165035770934,4095.2122946390846,17.02440658558853,333.48101049840307,1.3227197338762313,1420.3173435757444,25.370912799810057,95.5894788130538
2018-12-14,227.7165690565944,147.58901737760766,32.798954353890856,1999.2051676313165,231.3028495667661,4061.761591909213,17.921615854937446,334.18624919871917,1.335646690534175,1423.7784671567429,25.157489782852036,96.36826557175236
2018-12-17,229.65803731531437,146.06398792233117,32.32156692716266,2037.5587735843187,232.09598058810383,4048.8320349752275,17.906566840363165,337.80066795372,1.3410596165555433,1414.5164307839027,25.68925768099944,96.55826907970817
2018-12-18,224.77400991723854,145.68640564861204,31.083844440618236,2065.9116711505667,230.10712113031482,4053.2734813478996,18.490792326605536,337.6731841340102,1.3493694547884931,1413.99786333935,27.14213860352371,95.99979458861831
2018-12-19,228.79285071341474,148.62584024714687,31.079962448093372,2043.8242409389031,233.370541093527,4098.34615919588,17.338057943795448,337.6430780388395,1.3412728705043484,1391.2122066485676,28.38990779078789,96.31257763238317
2018-12-20,237.98694606045248,149.25223552632144,31.272342097963385,2015.2025300771852,230.18317222045215,4109.469682173745,16.67485353983577,335.001866398646,1.3426211099517937,1393.105612832123,29.217946827307095,96.8909497043086
2018-12-21,242.74225426243606,148.1519300852986,31.43815936943272,1939.334655367946,230.6488323563685,4086.694989908452,16.178254884254457,330.4627435325943,1.3462580095985042,1406.548785237972,30.059107736277213,95.39338364933118
2018-12-24,236.47713889891534,149.46770183703634,31.242800219685396,1946.964626645119,230.03756720287137,4103.037755304867,18.096139992974955,336.15954533007476,1.3482165994288353,1390.8861564397826,30.700331368037947,95.50141388625904
2018-12-25,234.7063892818645,147.01632776902827,31.3302473105026,1945.852726791547,233.19799388433796,4168.246964852514,17.375643552525887,339.7355687377787,1.3405511218830228,1396.5550037327578,30.67325745005862,95.37529036743516
2018-12-26,240.4085400484955,148.7914120530726,32.30405922160933,1990.30508703791,227.1191954094498,4204.460197288292,16.671415266949293,335.63859229578986,1.3479141378457515,1390.0231166128356,30.122652894984782,96.12498041925126
2018-12-27,237.65063521959928,149.93218966159137,32.561401317252255,2005.9343934212047,223.94973019578381,4226.920240399101,15.823553267937893,336.2438800225637,1.3488684623066782,1399.2556083469049,30.116016032400104,96.44131970660497
2018-12-28,239.84441101702203,149.35980406787033,32.32885611920585,2059.494034927054,217.8858783031378,4256.315857424668,16.272720734962494,336.07566002969145,1.3425774609083965,1401.3128770339981,30.444812378253722,96.83510185845336
2018-12-31,243.5041142406689,147.53136756764565,32.016655551088384,2034.419292437168,217.0132230558491,4313.560004413293,16.389177376353114,335.38206718695665,1.3303139832978403,1406.1383656622918,29.36709315170071,96.48178782431192
2019-01-01,239.7625575692065,145.61321876891967,31.917651847850678,2080.9723792093223,221.61741846975937,4357.26336372975,17.30437136710572,334.28342814323474,1.3344888366129228,1407.149167436968,29.263792432509597,96.50236126004376
2019-01-02,239.7933794902546,147.02622868205734,32.98965427347237,2062.2257553346412,219.80921211067877,4381.298032145136,17.895014116491947,335.56666587497534,1.3510750424324367,1422.4666541804527,28.67434125144641,97.25310955247382
2019-01-03,226.4750584467216,150.11094969477418,32.8787973067768,2095.0139005287942,217.9963512957382,4425.4094923901785,16.701568559535588,338.18200349482646,1.3443684271929752,1426.7109053449992,29.41923519827825,97.22208707709325
2019-01-04,222.60431964861675,148.7515941522986,32.87564481228635,2039.783712582278,221.3394820313622,4384.291130586134,16.04085254534821,339.544747677051,1.3456491918989846,1418.9658606532294,29.026407201459296,97.37750950402551
2019-01-07,221.8606800123953,150.0114986185734,32.56981153947261,2050.9669188448215,225.48710723371846,4327.1432539857815,17.17414730882446,339.31235271242093,1.3532769933618571,1420.3709353396275,29.274344470343262,96.20752884338434
2019-01-08,217.19368652704347,145.24464336385202,33.303600028187674,1977.0429697776633,225.2379220913884,4334.999329450412,17.000457873300885,338.9681116873867,1.344847726609255,1416.4687961782554,28.775116687753233,96.17402364458704
2019-01-09,223.93882761468535,144.05074489840464,34.64530592062177,1969.0017069305525,227.96621258435437,4339.415154207129,18.04051150770213,341.97490801347755,1.3417584212619202,1418.5939577604743,29.956714595118722,94.65732802265576
2019-01-10,218.50969379580712,144.13764191843782,34.96943891455349,1987.53145223007,223.92007952554565,4319.952433601511,17.90599943972596,343.54165491295913,1.3361337928991397,1414.1208813892574,28.718300553862914,94.2861340522182
2019-01-11,217.04605759247625,142.21126804173625,35.037887088237845,1969.9240524859583,229.31916435836067,4353.922075727303,17.06028076630954,343.9040092651143,1.342862591832537,1406.766160224402,29.07069374533688,94.35292401516291
2019-01-14,217.81866579838555,140.2504359860559,35.07419310651497,1932.929398071223,237.94576535224323,4283.2466846563575,16.803546421082082,343.9304524837522,1.351927309221725,1409.2924142976683,28.165536967379982,94.95266543427653
2019-01-15,223.81186881044664,138.91263080252847,33.45092653001137,1966.2200159957342,240.15953687529029,4264.3865748656,16.009582846286825,345.1388840566418,1.3531380711447614,1410.2035583960298,27.81751396193672,94.21554877757896
2019-01-16,218.3633260736598,139.71718381027145,33.963366994825485,1964.321971160631,231.89154917494204,4247.51345794061,15.563210576658133,343.82464012201143,1.3475898785314246,1422.5424215297148,27.969663840094995,94.51652646548618
2019-01-17,223.25112443371304,139.45235469095613,34.06484216102659,1948.0819841202094,229.79322606563466,4187.094375600106,15.720351048089455,346.51482741142786,1.3447441435251763,1418.1115063242657,28.15723716213994,95.652578164826
2019-01-18,223.5603615187098,134.69477594212134,34.36823277102702,1951.58392704209,232.29263113136136,4245.500032007786,16.127669067876717,343.3131081811047,1.3406455806157076,1396.095247071787,28.327585580096322,95.18255686022879
2019-01-21,219.90910365698525,130.344389457004,33.892827976271846,2053.8950747705067,230.72642630573307,4195.559879654493,14.895018175569474,342.18097850810045,1.3342441212869027,1392.3156053386085,28.443788714972953,94.03060133209166
2019-01-22,222.0121607038565,129.22696208782125,33.643312195892506,2101.506736412046,235.86511202276884,4175.072544428045,14.882088950877705,344.2057981335345,1.3336969385834712,1374.5918052224877,27.99941752671628,94.26773656920224
2019-01-23,223.07660504187183,130.3200359097022,33.377892898546634,2150.5927045422645,238.3305929608007,4211.014328807654,14.45192493610259,340.8504382489101,1.3376694343260265,1379.4463098463475,27.893184456294787,93.39175069227407
2019-01-24,220.94445366606047,124.85251520781081,34.07712204141377,2170.6330665430964,235.57955566110007,4237.264771324357,13.990896649680751,336.1934393572299,1.3410865704556147,1361.3692714378094,27.923628349688776,92.8004074487303
2019-01-25,221.48785705905044,123.99453344867413,33.830103916750346,2179.6887272017607,235.80310929345853,4196.892572251877,14.08402406215882,336.5189309023496,1.341165479866244,1350.9175685529365,28.068760574450643,93.50713335276495
2019-01-28,220.22111765229204,123.09021155686528,35.27957769476001,2084.7657888214535,232.34004491762823,4224.440350388585,13.701680864281837,331.55253787612725,1.3416822891454032,1347.276795026703,28.03111723053794,94.9407412001659
2019-01-29,220.9365230074161,125.99357559231255,35.59558129915386,2060.1028131615963,231.71265928484237,4237.166853177497,14.682046427279616,327.8306127274193,1.3412694446176603,1364.2938532516043,28.555654807220865,94.20256393445273
2019-01-30,223.8539401313513,125.35761457907326,34.70930671877157,2043.4202089821795,229.63015235067084,4328.807807471389,15.58063052357909,330.2025973502175,1.3327313120788136,1352.9046182683967,28.630988852498202,93.66719687900977
2019-01-31,230.61325551032508,126.26695965789904,34.63057388843287,1973.8817348441462,234.35590748192223,4346.311849144234,16.529058024304106,329.7264364222818,1.3339322098946782,1353.3095218425829,28.78409008048494,93.35683529920601
2019-02-01,225.80265501427155,126.69194466650063,34.19240104918259,1932.8800176775433,243.0368643460279,4342.527093713503,16.125057274929507,333.6967721080348,1.3301783102500042,1359.8751617567227,28.518599773179083,92.96718906520101
2019-02-04,234.92257943393417,122.5806822287737,32.73404862167614,1863.3486804239042,237.289979472874,4310.9053527395945,15.367416755463749,330.23000073299113,1.321379524266289,1376.3917308798075,27.786365475460123,94.4351131440413
2019-02-05,227.08364510665453,124.23323907392606,33.80826155214672,1863.855295257266,229.7491952321459,4283.839772008518,15.430575595370035,330.0828925013759,1.3239633989621467,1385.2598580046513,27.90193867944502,94.05393766231288
2019-02-06,226.73598944815623,124.79933197733911,34.29734850375274,1894.971190272342,228.8851449410877,4253.8218111456645,15.315012416389024,331.40462912770187,1.320052043430308,1397.7153360016991,28.76566027695747,93.78138735852298
2019-02-07,229.42496089592123,125.9568516914774,34.67545869237231,1937.1781479323597,223.14175906753036,4308.361708686206,14.855830179757113,328.0629264523464,1.3216882970418142,1407.6947779782151,29.095364181205092,95.020801148881
2019-02-08,230.8651703277401,134.2708736478481,34.80079626337928,1954.4586623298305,223.4064722167941,4310.782521270515,14.007678878408221,331.2559356436334,1.3274344857877953,1394.422670670478,28.515320563444067,95.47927780308764
2019-02-11,228.56605980045163,130.01026354445352,33.86221924261126,1920.9286203480751,226.35957428578772,4334.501767975566,13.978630520501092,332.9150678715676,1.3212746673544513,1398.7206680327,29.11082235038561,96.25456796806799
2019-02-12,227.98482506733933,133.79496873066543,33.54633352312613,1853.5440098900224,232.27573615109227,4395.735646002207,13.699047427643036,328.25929257701927,1.3220155900664292,1408.5309726620876,28.87661449192885,95.57846454984029
2019-02-13,226.24196161907147,133.3276168328165,34.12612394162196,1794.4866321748393,233.16559081283086,4305.135973210102,14.178739884153286,328.27909503340794,1.310233570930261,1398.073609131765,29.40599102457887,95.19296966375775
2019-02-14,224.12333153971926,134.08938720283092,33.426158710988695,1753.4903955465036,232.4941939613611,4356.716103112351,14.658186048022191,329.55318649831946,1.3204440548192922,1391.882596251304,29.144858991333187,94.42334526742913
2019-02-15,227.85041186314416,134.1392514527226,31.785283576607366,1725.850511322098,224.89479361613064,4360.632686515222,15.487588237674107,327.9388790404738,1.3116327729914987,1383.2442946929455,29.412248237462283,95.0495596888394
2019-02-18,229.59470539704952,133.3784623740778,31.650732177872772,1722.3415952433809,225.08494323777407,4379.491377399662,14.542482111137101,323.7295556607246,1.308391675611945,1392.0989749917394,29.042165620620693,96.00501043813341
2019-02-19,227.02116053380516,132.31339883246218,31.570594413582068,1691.1616123533047,225.44804648941346,4348.700064827014,14.83704482425983,324.67172391278024,1.3173083868300546,1391.6059127125227,28.694987285732225,95.56457406580941
2019-02-20,231.0042316315369,133.1592102555057,31.665805225350567,1703.7917004061487,228.00145390986768,4320.974023230855,14.307069657828407,331.33030501040383,1.3158961800937845,1388.3162000736004,27.601381182074675,95.30557006399206
2019-02-21,232.5644568761298,130.10875826644872,32.14020607312783,1697.986237675752,225.36193459717535,4341.762875676521,13.460144857416505,330.3104339619191,1.308172272090088,1374.428882508726,27.96539029639357,95.08054135100477
2019-02-22,236.27560433055737,131.8256174714026,32.562453395077625,1700.0256706988005,223.79082839931584,4437.724914139599,13.174761270509617,335.1425929565826,1.3129760008037323,1373.9628184586072,28.233858835641858,93.92969192514552
2019-02-25,239.2555572299644,131.09481748100382,32.741234728215275,1738.996307216251,218.32521770545904,4479.769786698845,13.897906584801824,333.01432014103415,1.317648856781538,1368.0117738687618,28.545034372186567,93.44340580659562
2019-02-26,235.99493609673056,128.88747663040772,33.543594196048446,1702.13561865068,210.0685272541751,4532.89752155589,13.641577602111257,333.7944562855233,1.3136152219703143,1370.951661770124,28.75081910896609,94.04205701496738
2019-02-27,233.90781596094698,128.10362975155914,32.549646764860995,1717.4473607770885,206.2294424342465,4526.881777198342,14.752241520094879,336.254766397464,1.3103030089716832,1358.744898273181,28.216587288781312,93.40442763781641
2019-02-28,237.3600944133445,130.85030125525537,32.88965441363593,1718.7093041323035,200.87720648359107,4504.295581143602,15.162707579227769,336.36382376789436,1.3075842752942162,1360.9522721078158,28.91491316124998,93.49262948262725
2019-03-01,240.27041987722126,129.87709366116414,33.31437281969512,1709.5622869741137,202.11117501844652,4474.543209753172,14.866858004471094,335.597915107787,1.306362098873483,1356.45278854541,29.650440170029004,92.53791499087629
2019-03-04,240.46842930147614,130.76787799266006,32.508372591322875,1740.2995182096938,200.41889243952184,4456.705459961289,15.754670515460548,337.93342540790115,1.2941853126510163,1343.232030934178,29.08059270212863,92.44986014237253
2019-03-05,241.26615524733197,129.3896672129635,31.555258977445018,1771.3792922033965,198.67287088693445,4376.8739742157595,16.10946037870132,343.87286338282235,1.2931411721298331,1329.3105188419938,29.478881747498068,92.05257450182874
2019-03-06,247.17551488431053,131.11244016903484,31.097313090506702,1741.5494041014508,195.4539077065487,4350.15071217342,15.375552240974288,344.94234536876957,1.3048575094718453,1317.1156575165417,30.139871014821363,91.17552582946018
2019-03-07,244.85112820030864,132.70430743720647,30.697787721230256,1737.2686317967687,185.07681832257924,4329.999006516811,16.873070052159427,343.481326110118,1.2991549268665779,1315.205655431543,29.79666447330895,91.77221589335905
2019-03-08,247.57118051952648,136.83846493729374,31.173207130632317,1748.3231874752514,189.959759152977,4324.900303926812,17.093406495498954,343.03242718280006,1.2954997510638142,1316.742665009879,29.58583100879072,92.41438160313749
2019-03-11,246.9679746601105,136.60480455828565,30.80164828810383,1741.018038602845,186.8315963642337,4331.763959441552,17.109478594181073,351.04076327160016,1.287984303068786,1319.8519852160082,29.99253147378751,91.71870161208444
2019-03-12,246.29756267421715,138.22607866125722,30.287686204695827,1762.2394713498659,185.60050026144455,4347.656210924776,16.393025667404345,351.6078582197263,1.2920618169876217,1323.3680252488875,28.88984518125912,91.57852804204023
2019-03-13,251.51896459793537,138.59550800977743,29.92842085797032,1773.45225840053,181.13875665313205,4348.811413360801,17.388914292916574,349.87179667249006,1.2999882643090832,1315.6249964007663,28.122704095184666,91.62932694968461
2019-03-14,255.5903294115921,141.65487266277935,30.614728172115324,1838.1263026525914,184.23021881779903,4327.844368502878,17.844523687676894,346.42321104042213,1.3078137189240897,1327.077370426071,27.443596164398762,90.32671730360676
2019-03-15,259.6719387792785,140.189111396775,30.6319037939606,1787.2380429155498,184.75386073384266,4253.743224023644,18.414871538572257,340.9132585134557,1.2998082755221454,1322.655230219295,26.24629774234452,89.34064607462348
2019-03-18,266.16533581657285,142.0263198955367,30.53144246093718,1784.8692292500277,182.2494306414191,4233.468258665556,17.953444789204525,342.16748161895595,1.3031908171252962,1327.6924724539922,26.976023016989156,90.2827870839752
2019-03-19,266.5856947121292,141.74040278070066,30.47348444333728,1756.0792126495157,181.11068133022385,4198.257342250652,18.718026348306392,344.3271102575984,1.3126978960323052,1326.2152498883331,25.675703090981393,89.5346595498052
2019-03-20,270.2022902297933,141.75074867208997,31.280601645134045,1778.1289247273287,186.42656386711081,4217.591039817771,19.591145717461668,343.2372303752103,1.3161789416868914,1330.4725483961429,25.90466080274231,90.45850820677008
2019-03-21,269.0201005180151,142.11523804072027,30.824650634177594,1726.0496870530792,186.26994183304757,4253.948914879086,18.94687107498451,343.32829170117157,1.319463013668241,1328.4589073789632,26.443621898117772,89.50799611227426
2019-03-22,270.919328098533,142.84699756003454,31.65591063128834,1739.1827537552408,185.76964745156948,4291.75116913491,17.650944525408043,339.86652013821066,1.3164867470653103,1332.9154797657557,26.258115214743295,89.99900237474331
2019-03-25,270.6099592252466,142.73852294730577,31.79899886115008,1720.206601814622,182.89349088259732,4322.817644675213,18.171563899124536,340.40950143965006,1.318068203187562,1333.1032861789995,25.83075668988092,89.79310231164659
2019-03-26,271.40833190726613,143.3873710887627,31.706649405018478,1698.075117107103,177.16758398433342,4319.353294011293,16.796837113338434,342.0246350461848,1.326373827372468,1342.079459777926,25.98935322857147,89.68845289676662
2019-03-27,274.66090748288394,147.21583062028697,33.342885766339116,1653.69447325842,176.75691540536303,4300.830271689528,16.92499275127974,340.5174213699043,1.328685115127343,1333.5849490288715,25.998342551314742,91.04824381404363
2019-03-28,270.9703216893634,149.72000859701555,32.65609905861566,1640.7860349948799,177.808775213653,4273.7179630035935,16.5507122189387,345.8760114374684,1.3205501686411936,1315.0985893807053,26.66682836096415,90.15730921789604
2019-03-29,281.70833757045614,151.98372062159197,32.43564343905581,1676.6217850410349,181.23628323417083,4217.812697167011,17.5905600228715,343.41732736573925,1.3176742303202154,1305.158874631225,24.978298328340504,90.60545403820697
2019-04-01,276.9851678031075,151.0460536720843,31.655417389414808,1677.4962287650085,174.50914917607523,4257.33491956443,17.24841406992007,344.43234836983,1.3257981209272498,1316.6308978669517,24.418467093049784,91.02574036224084
2019-04-02,271.3226122295756,149.07610215424828,32.27388982891708,1699.3201676069907,171.27158851483452,4252.346547662093,18.230278213521547,347.21096026162127,1.328085391896011,1315.2669556691785,24.771136293002854,93.52033644743042
2019-04-03,277.37061150638306,151.53880597517906,33.392867109145214,1755.6803827903082,169.65686142049606,4206.596535149137,17.76754320951614,347.1083379602465,1.3290091445796215,1316.4992779657182,24.809838848990555,92.73647494826643
2019-04-04,281.6892429890068,153.84698212538336,34.53733017772307,1766.2661884354675,169.71469467268193,4177.092684029815,18.678496229176517,346.6586759267495,1.3254653201930526,1305.710136397303,25.288282755401802,92.29167937660227
2019-04-05,285.21367745544967,157.6884445969649,35.40382086164795,1749.361087704278,169.36449842550175,4146.284837021519,20.705306189967576,342.36617712809925,1.333499352054174,1306.6563744319747,25.462114859942346,92.91465355844635
2019-04-08,288.80417519899555,156.343815349993,35.27474747301127,1766.7265377724593,169.08211426404182,4149.5501619813995,19.628599251125017,346.7128553219533,1.3447641462514763,1296.267508150678,25.384105973373376,92.7844682008544
2019-04-09,289.08721426885114,155.94209433665716,35.02851763690567,1750.2992859237406,170.32733968120513,4191.2840562472575,19.917314608730514,346.3216239498943,1.3534198173443708,1287.4747439837015,25.200554997991947,92.4598826725202
2019-04-10,284.7973410736433,152.07183404202033,33.88725970729216,1735.3389644193473,167.79888182120087,4179.849488604423,22.851769520541755,348.1398201448614,1.3633535981606009,1283.5926030502162,26.71679498750248,93.18948947996068
2019-04-11,285.52863603761773,151.28620858964518,35.306129694749124,1687.6293617910064,170.55307434580473,4097.604098754699,22.927979945462518,350.39415062387826,1.3610466702788024,1288.4289985580476,27.7702707292076,93.00957027313352
2019-04-12,282.40816401892715,153.887003881341,35.64953688493953,1719.311108007593,171.88320857780252,4092.2699402964945,22.998923487038407,348.55776826828134,1.357782926962451,1294.3885562125654,28.124854233570076,92.36679212448176
2019-04-15,287.7538910440221,152.91078794358515,35.31108785194973,1708.45532413874,171.01958426124028,4088.1562288718997,23.923765979151582,348.0778708772731,1.3568576066619256,1300.6586440961557,28.18853331005864,92.92355842042431
2019-04-16,287.33780282533127,154.6558526216505,36.272437518706276,1716.0918233232485,175.80817988291014,4081.5212999323876,23.97295693096785,352.4245521142126,1.3572550426014751,1284.4956005701736,28.57889729835796,93.22160487219871
2019-04-17,283.4397525149487,154.35486859607505,35.58424079383477,1684.327262070624,180.59421100896085,4060.16103268676,22.011501248259407,349.03834380242336,1.3671378692616285,1284.6840293382415,29.18454991432304,93.0071836758013
2019-04-18,282.14317144431647,155.32803034654046,35.8855714846843,1700.0356782543065,183.55453325468955,4069.741922654998,23.293619212079456,355.92963131525,1.3752683032261754,1282.9197588713484,29.500585891112706,92.75803438619809
2019-04-19,284.58939110102494,152.6696051911452,35.77261739545615,1677.2781898865485,174.4427037047613,4073.7944311818896,21.073831316739874,353.6929597387833,1.3791138960752085,1267.5438892990273,28.960291143932675,92.10001158112073
2019-04-22,282.054514612947,153.04614763313106,36.24336268946624,1674.441854936987,179.2602048657627,4074.513630072845,20.63920590458,350.09814669141855,1.3694172095010058,1267.9595472207664,30.290628976367245,92.65434456374572
2019-04-23,278.24454891601806,146.05471603995088,36.20817041840888,1704.3070117738107,181.77130002860625,4091.309775259741,21.923601568505514,350.6555194480051,1.3580436148392185,1265.6749471436876,30.48679367757767,92.40628365957944
2019-04-24,279.8032756212408,145.7788839727759,35.18311351145144,1731.8375463641482,188.15352473233506,4077.1436678315413,21.536229980323455,357.83767073125176,1.3598133658119878,1271.119159437684,32.07066811232876,91.8572934017827
2019-04-25,281.3772139306186,142.18135753630503,35.24690645135913,1732.8447790711543,192.23049533657255,4060.9518453509245,20.802055577390362,351.87667406431154,1.3659481123686752,1272.200040288271,32.230736069760184,90.93561901157457
2019-04-26,279.1561186272731,145.1110513590198,36.00490027704164,1677.2741557260126,197.53721047638885,4113.352956450759,21.736980985089264,351.5709763223565,1.3655413454558336,1266.8748916370441,32.04301438793216,91.23959947463003
2019-04-29,277.1316047594681,147.08899891551445,35.994664526764986,1777.189795509873,200.59021717621545,4135.7665785685,20.831354166990483,353.222440001786,1.3788164174110407,1276.547607435383,33.18117519449562,90.88730602800233
2019-04-30,278.6257266440377,148.35448429530558,36.56798103162591,1838.9682315205766,205.32454854705736,4168.328906499909,19.59644118580423,353.47078952788786,1.371511282010707,1254.314720849021,33.44199270321409,89.45350036402377
2019-05-01,271.78298036331535,152.17644556930577,35.822007264618236,1866.2582533374123,212.489376567789,4216.267065390637,19.867270455010015,354.82976696292235,1.3633862538687873,1253.920776096583,33.56379454541942,88.61425984088774
2019-05-02,265.302194686734,150.04841510567752,35.81394048866894,1841.5813289293264,213.35840944367726,4237.966912763009,19.686389567045826,352.68519036768225,1.359001301393336,1236.6044241425684,32.58131086299081,88.46650585482358
2019-05-03,262.2078572734588,154.4724588467306,35.380011282751425,1839.4495501861286,207.8144274585622,4275.235337800985,18.499502805449097,350.9270441472571,1.3543729865945235,1227.858640663797,33.13348103224935,88.33882579013836
2019-05-06,261.51600569218755,156.96626122270985,35.92331847885896,1822.3764319284733,206.81375841935005,4216.5828304157085,19.09815022190147,350.59879888778624,1.3580774176046713,1233.2712837666697,32.737182882884255,88.18451459724027
2019-05-07,263.29940982589966,156.54539017386156,35.95673663702938,1868.5348928638905,208.2725889859027,4226.027510703031,19.54688353247406,347.1904767914221,1.3553523762524655,1221.0078684972218,32.382454323713695,87.93248703453797
2019-05-08,270.71002700394945,159.59126027641804,36.46737149712153,1879.7564093645858,208.62133921357727,4220.77163354918,19.198422472937104,347.18972074576277,1.3450380121706806,1207.421261877766,31.99734791670981,86.91776984183502
2019-05-09,275.25174359550016,156.9638033953009,37.28056471848809,1853.8101944295154,204.32855892142723,4286.699629379446,18.920793689084764,346.11554644008464,1.3511825429646815,1230.896119713328,32.36018689376067,86.32904580179972
2019-05-10,274.79001292825825,155.07719117890724,37.81116801924167,1839.1412280175311,198.8202462948463,4324.367684106146,19.37107839986639,344.7923190111079,1.3394785643431852,1217.8270258727098,31.150941228817178,87.16791580234849
2019-05-13,275.02580369688394,153.74349010175428,38.029678875233614,1880.619630963456,196.4094215887966,4301.6209757643155,20.559008620397517,345.92667118481097,1.332456613135995,1234.260877971671,30.996470005845985,87.91110646986189
2019-05-14,270.4316527558372,152.6155358994774,37.289158693322776,1940.6115833929746,199.20469988078733,4317.804563564169,20.270356747087288,340.4406759638066,1.321821597227249,1232.808246478402,31.775015408477554,88.33618010797245
2019-05-15,270.66615466996484,150.22242053202368,37.298268719118035,1999.7885945990226,204.71089485132794,4326.055696175242,20.944874965385395,339.87539775016785,1.323323518907878,1227.888541379114,30.80997743654732,88.70052297257537
2019-05-16,269.58676979620196,153.35972850880816,36.91378662330366,2030.7904094020155,208.0087953594803,4345.518938610402,21.54522028805422,347.177180800751,1.3246875603488093,1233.7155055916132,30.952709950810867,89.36274140776847
2019-05-17,271.48292293998986,152.8939674660258,36.67164436652707,2023.088307527494,211.86655693584717,4307.577162892495,22.513595253118318,343.93760838478755,1.3375758383182605,1247.22752129821,30.477099599167147,88.58277934191497
2019-05-20,267.7916041256948,153.9279656614449,36.40889599849823,1904.1513929650216,211.6603280015045,4323.285955914191,22.55788833651171,348.0791075258253,1.3438357610145388,1236.091717585331,30.18011430565965,88.62384050144429
2019-05-21,270.6312839799134,152.6975420765293,35.712995024877316,1916.8486065113702,205.56604343393275,4316.14390440451,21.551998378699224,348.3896995416388,1.353692797949017,1231.302513472543,31.464566740229948,87.85069838646193
2019-05-22,278.5358062066997,148.47691073164168,34.35226162347008,1918.6997447600695,204.06296775256502,4328.860904251512,21.05932777710367,346.6428708130385,1.3557832236598177,1239.920817853417,30.20174842937908,87.09639106409784
2019-05-23,278.3248443838944,149.28397739475452,33.9064409919483,1925.7343975087222,203.2485504751186,4302.451473253606,21.423453076274928,342.68418661370646,1.3493117573397557,1243.029413430956,30.794637761555844,87.37069842073754
2019-05-24,280.6812678657999,144.94499142991424,34.048043970314474,1929.6361267481386,201.6189892344464,4281.5684458084115,23.462642583832384,343.2525322777256,1.350311344053659,1254.286416135327,30.43801648643599,88.05256552176348
2019-05-27,284.53103659728725,144.94526034119005,33.15219883283712,1883.5013571585177,201.8872830799291,4328.772350319141,22.901639407134425,347.91110297848695,1.3544524762768655,1259.717782569815,30.04814022827023,87.93370502203035
2019-05-28,282.82274845050665,141.96252518648583,33.17254874809053,1905.4595846773227,203.4893507450277,4289.713947975324,23.84197946512127,346.8332426217441,1.3593631704149416,1278.3286798381212,29.233394739520268,89.11923409017383
2019-05-29,284.3068280776699,146.71024683543425,34.46788625817587,1930.4156477297822,206.54430288829914,4253.832164020004,23.454093615247526,346.719273626716,1.3562916836367043,1280.412401423547,29.79853413477837,89.2882103863672
2019-05-30,284.7127276429408,149.02906218935232,35.190958490767294,1957.561915185464,205.65230305672242,4253.558943561323,23.58399927500131,350.0264700900027,1.3597463903594018,1282.9430594208627,29.665183540167547,88.75281732496244
2019-05-31,285.5562031849313,149.44574179782148,36.377848028189035,1995.0811798635705,199.1827975283519,4225.801798606044,25.44039646658889,351.24241200238976,1.3535531052833505,1286.506589566594,29.439354022264023,88.00215861940377
2019-06-03,281.9485739429904,152.66602657231556,36.67453247902394,2020.129710415237,197.6334519842975,4193.95314259578,26.43140672618284,346.4457135681852,1.3466454885501813,1285.2979562037817,29.5291607373065,88.73961396995051
2019-06-04,282.41168310747884,150.77846601076124,37.55223033055403,2006.4583713442237,197.85949135361972,4199.600676194588,24.840813053772276,346.8929116995642,1.3392874962053074,1294.3067987236009,29.412539485557343,88.84862409217423
2019-06-05,285.2967437651476,152.26269977960354,37.02352339726323,2005.764457191461,202.0964126395519,4144.755710736275,24.1398556746856,351.78712519715236,1.339586364689721,1297.0229385921011,27.98598641001871,89.3483207864099
2019-06-06,293.19866879021794,152.91837526575736,36.56043602435878,2011.250435741594,200.2350928562592,4108.969186498762,25.704737262491445,351.8108819452618,1.331853660332824,1305.4881486966658,27.65297438728095,87.4859965987396
2019-06-07,298.66343519622575,153.7347331759206,34.621811328117715,2017.3866284568476,202.06822384675462,4187.312211340662,25.88773246054652,343.37404361153364,1.3291610842786525,1315.6528811202647,28.287480376225446,87.67494055049318
2019-06-10,310.8388432070393,157.06916682225904,35.46359857455273,2058.070844908293,203.1484264173596,4206.345954963125,24.442592391538575,344.7137264181213,1.3353087817195595,1320.43426009753,27.250010478208605,87.33418128807065
2019-06-11,306.9430829052092,159.09573612019176,36.5840830963185,2085.4794216922455,203.3814308217316,4179.849564157108,23.461941040369794,344.23624697490226,1.3285882520870775,1326.0099533211164,26.52547144983524,86.38308214792221
2019-06-12,312.17505499143556,160.00830395262986,36.19242029639742,2171.6088375247455,206.7069835379479,4197.290475212709,24.301893138156743,338.7513428758599,1.3253748879443434,1315.5985849115546,26.251829274289292,86.35704513725014
2019-06-13,313.5830572091693,155.99867515407132,36.01986812938771,2266.8500014825736,204.47954614617282,4220.464387607413,25.540738568441427,333.8038228186617,1.3259822560344503,1310.0809523718933,25.787634337389452,87.13205990357065
2019-06-14,326.5818848240368,153.7898059840509,35.49150728415227,2272.5545366781575,202.5708662247709,4260.109636556685,25.56355062919267,336.880890718863,1.3277528736373165,1319.2138600737303,25.777395145586734,88.74390269621115
2019-06-17,322.25119300474154,153.6570899391637,35.774899186752684,2114.9011840112016,202.61091560900104,4256.9395728242625,28.931565283379452,334.80155499850684,1.3245747859308818,1334.591227167358,25.090041939461795,88.93377069663684
2019-06-18,317.798123924065,154.05618737229602,36.59988719739747,2167.355816373018,200.4981415070982,4296.234628513107,30.148670969454994,332.2110686094196,1.3299293120659679,1314.2965851587662,24.85539095472471,88.44835041527625
2019-06-19,314.76530043865296,151.461903206417,35.3567640403817,2147.363383484774,202.31809496356598,4219.822023223352,29.78386452881055,332.2373983605076,1.3339948054262862,1308.601096149791,24.833034561203885,87.92311593757742
2019-06-20,303.32267113086607,157.59381884882626,35.658177002718254,2117.026610110359,199.95991414533628,4181.56751317572,28.593559086576942,330.4488697927594,1.3417534945247533,1309.1101949430547,25.24677225229073,88.62090775639774
2019-06-21,300.8264648385659,161.6418784012366,35.4720497030868,2103.1623680768735,200.81098424117738,4189.414647922285,27.233212343258156,330.8788774829326,1.341340285177937,1300.1939819580778,26.052612487794576,87.93455248432608
2019-06-24,297.10011864399706,163.38627035862345,35.563255000525025,2087.476423788684,200.54951054474856,4203.5429272452975,27.693793770735248,330.4078825929818,1.338039165370984,1291.9249469448619,25.890584551031292,88.39118390131831
2019-06-25,298.263185621924,163.75472743703764,35.901993454672265,2114.015057292614,201.36413642441275,4170.857637856377,27.025192438171146,326.98946029640155,1.3336133631268159,1297.102164471271,27.150104023119873,88.61682026470443
2019-06-26,300.46397928705574,163.37928513417086,35.777842355088694,2054.3504808476987,199.87642275116997,4182.279626773476,29.3841869835666,325.61873053314986,1.3357957882633507,1313.8788019070869,27.03367370753172,88.76447340702983
2019-06-27,311.1574184084903,161.08685717353634,35.71450954668021,2014.7256576992716,198.80705635312023,4160.527632216262,31.619444451284085,327.04963179614504,1.333412480974501,1292.9534419467357,27.607987747356024,87.6754165411115
2019-06-28,316.9064378970315,161.4641914581263,35.572737102371406,2029.933529916216,199.21147439627956,4151.83028293735,32.636313826010806,327.30393398245064,1.329756153953872,1291.4495661283538,28.98251842689439,87.44288884643763
2019-07-01,314.0092097589481,162.3098940255588,36.28069772669289,2056.1575729823903,199.9769705138371,4191.976047973537,30.768018213798804,327.1934933213541,1.3269116126165186,1296.5041473962567,29.092358511496727,86.44605856677993
2019-07-02,309.3430489400908,159.2920428259039,36.59680918911377,2083.456464858174,200.04268723036327,4228.099793476386,29.75106224863789,333.0818237501185,1.32251561754141,1304.8828109268673,28.118771551347283,86.05741070123364
2019-07-03,312.4690414545369,160.32228771453248,36.76964816511173,2054.5864507093393,206.0094290823169,4192.004949759883,31.67883250363431,335.41464559551525,1.323964705059493,1308.4801272323643,28.191202931068656,86.70848533925624
2019-07-04,305.49737900010115,160.10053196312037,35.85753378237902,2018.7682331113215,202.64980936589743,4153.967346237504,30.799405981791303,338.13305973668054,1.314778070145625,1327.3141652605943,27.77173853844687,87.58416461291641
2019-07-05,316.1154379932009,155.45822123092657,35.59773803334679,2001.429105198112,202.50973264853312,4140.279526611787,32.57686878926796,337.763440476683,1.3169032595488976,1327.886696583952,27.590130097339074,87.75174968159604
2019-07-08,323.2859996104558,153.50158022373947,36.25420884598332,2012.5831782848386,197.24295726547533,4140.939056478651,33.359169641411434,338.5687172499087,1.3214976921858248,1342.1659248711942,29.002514283537828,87.36974690075789
2019-07-09,320.95220482488565,152.65693869183866,36.29243843948036,2072.266903014172,198.57396286448383,4118.139571062018,33.44554455612625,337.39257961018757,1.3177968814466474,1335.5106519497313,28.137787956348667,88.50454194399042
2019-07-10,311.57989680773335,157.51113836991664,36.78536373655068,1995.1950675208411,194.92257891024622,4158.553439622004,32.290624984148124,339.89784782836114,1.3306552601439465,1336.3975431773451,28.358451840753943,88.10992185962121
2019-07-11,319.6496328553966,159.09492323547155,38.11966449713252,1988.8328862955834,194.08014147482902,4173.244502843053,32.13882329399352,339.6961446306037,1.3309055886641508,1323.7596032721458,27.751283146297336,87.33048980633643
2019-07-12,319.37430390902506,155.90289109835604,38.931449674286014,1941.0461630010548,192.9335985255375,4190.200385553536,32.445025872433476,340.51287111502376,1.3206881009164246,1333.6009809613556,27.54691717598983,87.8360069788406
2019-07-15,326.96216963982675,157.29293597725325,39.015756043399165,1882.9401713772397,193.9346467270716,4144.365529713719,34.16405576691067,341.14186843343555,1.3189641251134294,1332.583108043675,28.073096238585197,88.17587426433192
2019-07-16,318.0933131045753,153.61554764970415,38.63064147864444,1919.7724288955073,192.19755669872706,4189.809738794885,32.684053891322066,341.2225573670249,1.3195093402185685,1336.6704908443799,28.30577329121633,87.81152742591584
2019-07-17,315.05777249606047,156.47184570237053,36.71828244669787,1941.6818282878223,190.33840889080665,4086.43848689609,32.25736754808588,350.5062780100344,1.3226070059101935,1333.5904142808572,28.155422937336326,87.89954125420843
2019-07-18,315.4658430969901,155.46771658849096,36.605814425757046,1960.2926162737801,195.11968649917011,4118.875973477855,32.32974243158587,348.5490772039166,1.3210378011642212,1340.1295556230841,27.71004470557699,88.22866106726526
2019-07-19,316.11183652906897,155.4058249282831,36.37882381269239,1996.8945464817298,196.14433330464058,4155.31862384439,33.41889781213513,346.57444381843345,1.31450450102871,1344.6661469760074,27.938255849256194,88.39021702360584
2019-07-22,313.93780264978426,158.912330085519,36.67495752391997,1980.7559960751337,194.36015716238552,4140.835168943056,31.93486392032005,348.8857523165624,1.3074581204937394,1334.2756401406878,29.165575569312345,88.73308405624564
2019-07-23,317.8584584043796,155.84439631638065,36.573212053152275,1966.5062187370597,193.61056521237938,4190.221896300727,29.900339540886744,347.16077124543364,1.303322651874592,1324.5786561129944,28.524269787312864,88.3924968795335
2019-07-24,312.182832134033,152.5670480826014,36.3505145795236,2051.9434263839635,199.18215940505598,4189.518509370556,30.92509820316183,346.3900087273271,1.2998228851460674,1324.5493172290041,29.929568162594506,88.78316506883453
2019-07-25,311.75766955502155,151.3154256651177,35.0901470947654,2044.3962362573866,198.4668288291265,4193.550284506081,28.66482146612104,343.1568511170086,1.292596701701597,1331.823232924453,30.849925325541683,88.81339757121525
2019-07-26,312.8086016731976,154.01971772275795,34.44696947971387,2075.2259037983476,196.23330331554004,4208.067253133029,30.566958066099282,344.81624632822474,1.2879980018990336,1352.0906439592327,31.933900719088477,88.49650219347818
2019-07-29,316.09771999149956,150.48615613901578,34.78735802887306,2077.554054319931,194.03903299767208,4332.23091294653,30.329575298543997,346.5232690779042,1.2923811492095902,1355.6430895485232,32.19074450486934,88.34026004940606
2019-07-30,320.55711745379665,143.97743769133743,36.01271960344301,2007.8697903105494,192.3129878176143,4386.723253566931,28.071273689126123,345.67991386975433,1.3032073679426115,1366.887418589116,33.15711147915787,88.28875373333686
2019-07-31,314.51032843557215,143.09919525136374,35.95332935885277,1933.2961640185927,190.4553394284615,4416.2579404703865,27.405007545551683,348.0501548974272,1.308270113608987,1349.6339267622482,32.341021367425306,87.29120458990967
2019-08-01,306.311592909214,144.5269384829516,36.20068032512645,1914.0582055909538,186.4314693457557,4381.878340493318,27.929456921212545,342.41500541540927,1.3169718471345224,1371.818232755371,31.814919235840136,86.86510816394069
2019-08-02,313.81418528431055,147.4914346111427,36.90796846543652,1954.8073117101321,182.9755090058038,4389.300108334038,27.19537388578519,340.3797094362417,1.3235342733728563,1378.7572180729492,32.43962545726364,86.9276078562066
2019-08-05,316.07600169145763,146.56360848962353,36.32512303754632,1986.2911742014674,180.486118130623,4359.039212217373,27.22262335391353,339.9953612874915,1.3291920680308398,1378.4858556019306,32.6902480892087,86.01035967902295
2019-08-06,312.2205842153406,145.76222469966362,36.60357369013621,2023.1114222319154,182.38331054802993,4393.168261882128,28.24883695004659,336.56168027685123,1.3270816837949069,1376.9461639135202,32.578981083528305,85.60197549449268
2019-08-07,321.44635595549096,148.64175884316867,36.07629766493769,1987.5103140484996,181.27759680548857,4400.485471695317,27.964693555396757,331.4387460544864,1.3281498228224151,1365.0765722496828,30.61230664741364,87.26814638218191
2019-08-08,322.5031222773449,144.41964179313499,36.7167320044225,2051.526877705285,180.71257608588675,4357.916927179738,26.684687159075377,330.65381460875983,1.3254920730324993,1356.4082717792242,30.289928209343703,86.50060896721774
2019-08-09,329.81772948789313,143.68262990682766,36.839131089583894,2016.274217612011,184.73073680188514,4362.844685666044,26.28873936247136,332.85871861654795,1.3241731548297957,1377.5736329190997,29.42262424113471,86.25266402624604
2019-08-12,330.6153118491659,144.27968756301806,37.070802357949006,2026.4693151487306,188.91825525961835,4331.35115434035,28.21581660401748,336.8565280985364,1.3247570260532775,1366.9905969765316,29.796837633553743,85.69643314281596
2019-08-13,343.52124634951446,145.4803738788691,36.506038650402836,2028.0978451217031,188.0895700134886,4338.985149349444,30.696109201790783,335.3354976208092,1.329624932491333,1356.2798361535083,29.663669711093217,85.6334728290942
2019-08-14,354.974195272255,144.4573463475097,37.03703420724256,2023.4312906881187,186.15759611962807,4307.289363858468,27.7473295121789,337.69072393235723,1.3325754704955453,1348.9517012114934,29.210129254035593,85.09403147496064
2019-08-15,353.81130800415144,144.69605054579316,38.62549671219881,2077.630329736205,183.5153454811029,4310.078757134747,29.303032156127028,339.7667446374742,1.3316308145003353,1336.350414678734,31.214673958980665,84.94559159897588
2019-08-16,360.48560306352863,139.20144123196062,37.8660283714615,2052.032734824912,185.76370794287826,4341.024611394338,29.671838075601336,343.65106978102926,1.332133858067849,1336.7813938242452,32.045048080651846,84.47558658143907
2019-08-19,365.135598377465,137.89466918249096,37.620878702993636,2002.0834832856126,185.19243167907123,4340.688334240736,31.07480980874476,342.70673837240037,1.335157656298095,1348.7470681840894,32.9120702997379,85.20870491275825
2019-08-20,374.6919250144343,139.05176395056424,37.80688883827362,2004.8480938137322,184.05323613409826,4327.175170235339,30.231157685425522,337.33907670131856,1.339754451035206,1342.444391913437,34.785298739761714,85.28142715892596
2019-08-21,368.6823867005644,137.034067360424,38.417744709205024,1991.666222731161,181.59750821689792,4336.83330899352,27.673075267930116,337.68727979280584,1.3297505601155803,1328.0418060411039,35.500601573973185,84.61680723829672
2019-08-22,373.7116306705404,137.31441678337242,38.00161006475575,2125.7865216165355,179.30861292470846,4365.876945763307,28.493738686501015,334.75406096411206,1.322738794023373,1331.4125169909746,34.83336848401393,85.20492916324496
2019-08-23,381.35705930182127,138.4519410440286,35.91905458787987,2155.4413465452044,180.35901732019445,4324.317928867296,27.184188655817067,332.7144351101131,1.3302155326244909,1331.0847706302268,34.07889858945748,84.57114673199301
2019-08-26,369.91704915453016,137.8467391492326,36.919937361570916,2140.8822979734286,176.4410726430398,4336.208414389368,25.36121106325999,331.94642903012283,1.3299437337125284,1342.0737914494098,34.9214394687988,83.53623683180885
2019-08-27,362.5564316881669,138.3753475198048,37.49703395916829,2100.4506417640596,179.52235173505835,4389.68818636932,23.743310179875984,331.06782007375034,1.3272594505991189,1337.4702503615229,33.178998319765405,83.55091210446145
2019-08-28,349.909292497487,136.41015344919148,36.22331183151946,2028.7633763570823,177.97166699410653,4414.1756861586555,24.467519499833656,331.62250281208117,1.3256444990149696,1334.9564940348944,33.12448060232483,84.85248576518373
2019-08-29,348.6346875985147,136.10959420182598,35.7965496038369,1991.6177946440332,177.59053804760572,4418.237656771218,24.638718455737152,333.86131731209167,1.3240301497898057,1333.6272153362677,31.383883437136685,83.6375828100272
2019-08-30,353.5908289451411,137.59627579013383,36.94813444813878,1997.9689993352738,173.66912823651998,4445.52749716206,25.621771202896667,332.8913195096695,1.32786171838141,1334.8440820390974,31.4709715394696,82.76829445440214
2019-09-02,363.71944724278325,138.09411245497137,38.04505388362632,2054.9477228826554,173.7020901263093,4465.45450534033,26.493414439904587,334.2126096941891,1.320657654903344,1330.924747014124,32.1598036471244,83.28473475589897
2019-09-03,364.64217387126246,136.95479758053233,38.777643666143575,2101.3132414382235,172.80438809496,4497.642686337643,25.941642917537308,334.3909075569931,1.3209533683739674,1325.2973459086877,32.39495585391986,82.87444112973847
2019-09-04,375.94077097972297,137.5982750140294,38.652893550943766,2112.5913124527515,172.72640694761026,4418.2249815230225,25.85039376386884,337.35309452923735,1.3227121837999005,1306.0846236204206,33.17363590234575,83.29781293022583
2019-09-05,367.15708490540413,139.33375160969513,38.728717770245304,2101.7600620746866,177.17322586894414,4358.626227772802,25.197731157815976,336.9157211353114,1.3254680639911285,1300.4504794758661,34.854286725333246,82.75814035038117
2019-09-06,356.49809521880724,134.9862721349166,38.639028627502896,2114.6357031061452,177.78034972419712,4399.981712577781,24.934130516817724,336.8111789054581,1.327078583990884,1308.1743159897378,34.73985801543,82.86875404163663
2019-09-09,356.569452394287,137.66432168980992,39.53267976411821,2095.9951055464308,175.4649998311133,4342.511520514404,23.756943163949764,335.812466694398,1.3306393007926034,1317.3662488963273,37.27709054024727,84.05016904160486
2019-09-10,359.47413101419875,137.07636709809958,38.85787727509284,2167.7230852972198,173.42533368814009,4359.976728380438,24.22533644927899,335.45661461636587,1.326967180945837,1312.673074698518,37.487055706505906,83.26740315159772
2019-09-11,359.69401470252353,138.16464221145912,38.248135899307165,2162.105972106657,175.25891302484467,4347.923056977191,25.563232372066544,333.2327648344558,1.3208652438380297,1326.655961284913,38.39874661378852,83.96896282281783
2019-09-12,346.9704969279154,140.99183548062635,39.04052917587955,2160.721760984088,179.24295382162725,4310.839090356797,24.54049062995365,330.7285220321098,1.3373259116898903,1326.61664963695,37.82795013431817,84.44368772337914
2019-09-13,346.8302934193845,138.083034730474,39.01761017068076,2073.715007602772,180.17611258865966,4326.156128105753,26.164091425669962,333.17895638385863,1.3354465207617563,1312.7564116553272,39.40257227820503,83.4602892362471
2019-09-16,339.1882087417538,136.67476824495466,40.12029974037455,2068.0961015292633,182.37096694010697,4335.724477265818,26.31302303994029,330.0786426200172,1.3343488713536868,1295.7763132243963,40.454336953058935,83.85106126643456
2019-09-17,343.7137700569708,136.19495746063657,39.59695375894198,2103.329625289508,184.34489525511268,4420.62815682756,26.632118187620907,329.2636752244409,1.3390128140713964,1308.7284913822557,41.98280534665223,83.9166961226787
2019-09-18,346.4047938522998,134.64575783573767,39.56546424871485,2063.1519700839776,188.92167833293888,4397.598084916543,24.462625477418914,332.41924529606956,1.3498764679020911,1305.0900194166936,42.0526644596594,83.99467013234835
2019-09-19,341.0026264673539,138.5881103070603,38.853896318318846,2035.967650129305,182.83598531967021,4456.7486287082875,22.34903954167055,331.49829030208775,1.346340865426908,1292.7341901685186,40.76554785549646,84.23794614691566
2019-09-20,338.2687084284689,136.85171198612568,38.871277751092165,2068.9323866007817,184.99563271414343,4472.695734254745,22.510664276063064,334.1136873127346,1.33976786794599,1269.8328698095465,41.249840469818,84.01896606127464
2019-09-23,332.2789183064956,135.78994869475375,37.74996988729367,2013.7048445962857,188.19068497872763,4447.944602766147,23.41731652176295,332.4740808575936,1.3316058225768164,1266.0724687072086,39.54826204618847,84.0829113123283
2019-09-24,332.3027688968437,136.38467986396807,37.39481317296756,2056.6417844653006,184.0297496814698,4481.847368965419,22.644267939501965,329.4753142410087,1.342389359780938,1270.4327255567307,39.22903278567208,84.26233524114213
2019-09-25,338.4712210272719,133.93371708750075,36.346827812489444,2037.989366043514,181.35221297933768,4506.527796628611,24.61636446244061,324.90992809602216,1.3355732434106005,1263.614218261724,39.42870545460397,84.78371077121092
2019-09-26,332.9179292121694,133.23495353165453,36.86584073477476,2025.0227210320386,178.81965102044944,4509.785343781862,25.537762588027938,328.90288217209803,1.3355227868305277,1253.2624117801697,41.85556333307286,83.77093805763586
2019-09-27,336.35556784603637,134.0607948217463,37.409219463024094,1984.2226613348143,176.6885058749316,4522.4153246175965,24.403856667537635,325.6850061935014,1.3291456822357512,1248.0159803565882,42.202878874008874,84.65746008539223
2019-09-30,333.56048089779995,133.49548049443501,36.14764962271603,2000.5259280361327,175.31759164244804,4499.981707178908,24.441527034542325,328.0136931423934,1.3196870327286785,1260.7422197045655,42.3630650463267,83.89541054981578
2019-10-01,329.2286486081389,133.44286831563934,37.13610377731831,2098.342353870318,176.11256885552558,4468.448459412005,27.66394857410656,325.2050256742009,1.3178910048830041,1247.0200658280105,42.309052261222995,84.42503140492832
2019-10-02,328.9895355665344,132.46310048704862,39.04980749535812,2131.8627440640184,178.7949923620989,4500.89482556503,25.99753874411774,329.2154128844191,1.3118571459997839,1240.8829089638743,40.92531384390567,84.49560313059558
2019-10-03,323.3035229985843,129.4341936452591,39.09748232729679,2099.23859525904,182.18492519160435,4493.629703148558,26.693373919502125,335.9536928074843,1.3074591319642237,1253.211192915029,41.02552516477958,83.65073786958556
2019-10-04,320.4819300176356,130.24510341525095,38.610945139244315,2147.17171861326,179.68031635852566,4492.188616097491,26.266073860080958,331.02521836962177,1.3207716978149335,1258.4271176506,41.14352258493219,84.02172632003452
2019-10-07,314.0223281394399,134.10150528693754,40.86697995555532,2136.4265247789726,177.1894148342006,4505.317742700597,27.211044908910008,327.94035685583816,1.3237129989498957,1260.4838363381014,40.1712390278757,83.40532522571469
2019-10-08,325.7170776200606,134.2886303606797,39.814972338619796,2195.148723244245,181.2701159210308,4517.894265360325,28.99103476116567,330.3623028904395,1.3300253649599185,1254.2127378942039,39.008620187007494,84.13835467794394
2019-10-09,326.31523361665654,134.92184262950485,39.84293741516726,2231.282765681604,183.34743758305547,4461.932983709141,28.436535555058875,332.0240234473513,1.335654336221018,1254.7697803220847,38.553364986055236,83.67797868131034
2019-10-10,322.61795757633723,136.5757261849831,39.99832610052673,2112.045610715083,183.67935859993756,4515.691563439443,30.07277854144421,334.48753783401776,1.3351144341581136,1249.6324664428844,38.62758696971313,82.69969846612052
2019-10-11,324.2518302295112,133.97724116018148,41.10133316827915,2074.208113028686,185.23741833813904,4522.427850493611,33.60519153109083,332.8978954920981,1.3323155118835701,1241.3188364307719,38.19970736582522,83.73748416623334
2019-10-14,323.9854355537565,137.82850265907507,41.41053585323915,2113.8750247605803,185.21766117386815,4515.993041079138,33.71673500398616,339.0418768452809,1.3341082457092068,1230.8856271711777,37.220361688867975,83.87581449934247
2019-10-15,323.08682979654697,138.42759909243836,41.01191604603842,2122.095950054449,186.95157385714643,4535.352092100679,35.0662362082336,339.53806974977266,1.3353659067645278,1238.8787010323658,37.501756619334664,84.47662214861025
2019-10-16,327.0706199062205,142.2458856332671,40.251165998005554,2083.2994125369396,185.96090922092193,4546.835966680375,34.04614116273752,335.9738777928698,1.331706649393634,1238.5278395006028,38.02179111136774,83.91992413670364
2019-10-17,331.9589276538057,140.74202732214175,39.988924806358845,2060.4299861706936,186.88737637243625,4580.165639641732,34.07894221103963,335.34339810690733,1.3327047900311133,1241.89638989508,38.148707906782924,82.67593563253841
2019-10-18,329.19893336657236,145.05567176334347,39.203420032419,1989.1276909718474,182.22221196194312,4604.237229617168,33.779222969484856,331.86324576456013,1.3281392537312058,1243.6529092552587,37.62682852462822,83.80814472530564
2019-10-21,326.19569751623663,147.0275670035229,39.252710340731625,1987.7773479047546,180.17607264858344,4635.933737965993,35.15239332060756,336.7838890754618,1.3271338483559338,1248.29708956804,38.20201817717459,83.8205983257983
2019-10-22,324.9744519450762,148.4975917897046,38.8239207762641,2075.122542822063,178.185539500189,4694.523317067486,37.33482366790774,334.9222664903374,1.3250433796601395,1246.005137854925,38.03188602660233,84.16756185124477
2019-10-23,312.15878632429485,149.2187175242525,37.69229947558368,2109.2109983895,177.12589192984615,4733.899107433069,37.13068657203343,336.5446453564767,1.31679510726054,1241.461462279561,36.9290247761062,84.62776143153593
2019-10-24,304.1249235586744,148.7901128941229,38.66205899502453,2201.0441604767148,174.42764403042585,4728.957717683053,40.089918805110614,335.2561134964776,1.3015359203173922,1233.6374005622704,37.909583011254895,84.41788052012609
2019-10-25,312.07460773200893,151.8427098005011,38.29063238211296,2240.496315789891,172.92185143390864,4683.2799672230385,43.277257817468964,333.5378232079105,1.295568672349794,1220.005404343381,38.25757693694375,84.58771726245725
2019-10-28,321.83909169502584,152.35158956859382,37.3428904793259,2286.95106639904,168.5942140836139,4756.009106399121,45.14908259342995,327.98372367495125,1.3074389860942508,1209.3451601574955,38.155097758046146,85.69039058514059
2019-10-29,320.78433915338184,147.79376522826917,37.22860294341267,2376.73337518377,170.24228625480123,4747.743170710401,43.99907601277388,329.8861370365446,1.305546650585902,1206.056180510516,36.69656183664559,85.6852896024996
2019-10-30,324.51997225627565,145.33520606929665,37.290730864562384,2396.2260376527397,170.07166479540322,4729.461822652554,42.67346050455123,333.89954588349775,1.3107528715114631,1190.9262497783204,36.030347187056655,86.35079156513056
2019-10-31,326.735045750402,145.06317081785247,36.02148114468448,2390.1059518596103,165.27840854907134,4657.975329631491,40.97483613256226,331.2907798416114,1.2970331415717924,1178.0647835980458,37.90661759512803,85.00312288583882
2019-11-01,345.7684873402803,145.94492026818506,36.27208409829528,2439.9027674336085,163.01451860367428,4674.055606608058,42.96631467019951,326.8460995866544,1.2906397519084392,1188.165115535461,36.514781529908504,85.78790941809959
2019-11-04,353.23084243334125,145.97332160360622,35.53098955631381,2510.74909691515,164.01559131460172,4682.1954467679425,40.440348772310806,329.34942230147306,1.282056692020067,1190.5360088335078,36.29693926836411,84.76663806193646
2019-11-05,352.84161415420243,149.01208483112424,36.778956122727024,2490.446036085041,162.57348569459486,4620.630086074628,41.83234739000485,324.6355241572159,1.2808886297059305,1186.4776258859924,36.293005109016924,85.4710153658423
2019-11-06,347.24116661516706,144.5911029426589,37.177548619992436,2458.993236760735,160.7229562914726,4641.374470394574,39.631110712339215,328.3495970074936,1.296623861106864,1208.4777807072774,36.59592684097695,85.75568375128049
2019-11-07,337.74916663420737,145.08317317374758,36.89245459282131,2467.95599940994,160.58349716864188,4622.459011898305,41.297077710992625,325.8181257472048,1.2997410484601353,1192.8859478313557,35.26206260640261,85.70704274264762
2019-11-08,339.39541883635326,141.07892964295274,36.35761569271675,2509.7640780463134,161.58885820759636,4737.642514726023,41.332648944148794,322.72794556498656,1.3109382651767847,1202.473190095262,35.42656911973469,85.65591611103733
2019-11-11,335.20810283911686,142.96143594541826,36.29225428778226,2550.660858628086,157.75405482402218,4715.313489109986,44.1827590873006,323.5798310042938,1.3094025050636395,1201.6416925426038,33.97447278452037,85.50000605300518
2019-11-12,327.12781781468266,142.90264236257966,36.75080583243888,2485.051295621771,159.30002747446122,4698.7600816737295,46.777736597441695,320.6988762833248,1.318500725464824,1209.4540689766868,34.067544677242715,84.95749652811936
2019-11-13,323.7309154225246,144.0236230828715,36.7430932881912,2579.547037633287,157.21030064793354,4663.7771894154475,50.25754307435749,318.7919204656458,1.332372996825147,1210.750850634742,33.526467921946875,84.83458319467344
2019-11-14,317.8707325462866,142.20294222941178,36.594834410345925,2550.862871856435,157.2252716392488,4719.61186475429,54.0657869825236,319.9371084568394,1.3317777651691107,1192.9899803400742,32.81837206216438,86.36372628354626
2019-11-15,328.0655211834954,145.30378893126607,36.64857330194646,2540.587740375508,157.19349295881267,4705.686081292162,54.45546023885289,313.1437747650529,1.3283245239913986,1194.1401995214178,33.52055763593606,87.28566161260498
2019-11-18,333.7135077847756,147.90855947998483,36.219488173495805,2499.885711106768,155.853640000794,4676.955455972195,51.389993313886556,317.93412352216296,1.3197328595540496,1197.5896058660137,33.333695268244114,86.69690464375351
2019-11-19,334.0662598954767,149.46032161077846,35.982517761591566,2634.0254441245684,153.2261823929325,4708.6909983371415,48.755466190802736,318.1862692894489,1.317826825674281,1177.0072553830855,33.74092611879831,86.90014322686865
2019-11-20,343.49699063016067,149.31507555568976,34.522709504452074,2648.815624361729,152.54482308576024,4652.416552460936,43.92461599219618,314.6309201056377,1.3184984075998003,1195.6947281318746,34.181419201111424,86.98428879264263
2019-11-21,344.38870651915204,150.87269336752493,35.212174124205426,2608.9401846712976,156.88124062777777,4680.536631588484,41.607964364467,311.8882845473088,1.332088867401384,1198.9150701875735,35.29463733133558,86.90270558156975
2019-11-22,339.49793504404755,149.34007828969138,35.43385908065124,2654.7716057831904,153.35271798581823,4758.085424918784,41.75139161749592,314.81018778622183,1.32362398414738,1205.6187752631083,34.254727757550405,86.22558520555147
2019-11-25,349.3534281982092,151.56506434671428,34.90041489814719,2696.547380127618,157.89179170832614,4784.324459595322,40.59926950084092,316.64439287447703,1.3241513011236803,1194.668458697318,35.061371011950165,86.55102545179412
2019-11-26,353.18234400268017,155.78964918850312,36.262110815400455,2689.6347215968835,157.25908621578495,4813.795802421714,40.2352426192744,320.7494796096303,1.3123247544527723,1201.5274791621687,35.08632747726345,87.15626898690545
2019-11-27,347.0656822421893,158.65570287658736,36.33617300368489,2735.6714834379377,157.4166308173245,4853.579446614528,41.23877953920984,318.9121571646201,1.309658442116341,1212.2882414166702,34.76664358768945,86.59408521657146
2019-11-28,346.29393994888204,156.98697249107406,35.60161048338965,2695.803685512721,154.5970270754168,4930.812763548421,40.616557420241506,319.89248341487126,1.311830314628154,1214.9928939175509,33.79210335130029,87.97703764133203
2019-11-29,341.2880435680293,158.0711900073921,36.22775810822429,2673.346146699118,152.64429205308394,4986.792317233999,38.40103305417742,321.25142153593964,1.315328263556579,1215.1448109769826,34.31875226597507,89.07260917326629
2019-12-02,333.29781449160134,155.0046686080891,36.52827389178365,2575.7398411297086,151.40537798204087,5008.567311175504,38.29895756936642,323.39725808849374,1.319339694440871,1206.730396652773,33.546626436018364,89.48197380544393
2019-12-03,339.3077877629157,156.60292812476993,36.828727808605755,2514.268079657209,148.79716168886912,5051.4984950956805,36.616470541186104,326.82569920344395,1.3220960582798835,1204.88592611661,33.99391267830629,88.62229277150286
2019-12-04,351.59400797285605,157.90966611922212,36.527415035101804,2604.7240130313958,148.32894996595525,5013.385907385217,36.1240492995414,324.8526268608521,1.326071099450768,1200.200539671142,35.68310184452683,88.92512347707766
2019-12-05,343.26505613966884,153.4241141871749,36.869070066926895,2689.9264962491134,147.3650986856261,5050.55510465802,38.63264627119019,324.6488352586791,1.326507044888894,1205.9463655707852,36.579086319239536,89.14377630717131
2019-12-06,347.17756141159083,150.76427633313216,36.687563344372876,2695.985602590268,152.13624248685812,5007.056188229962,38.11364719667602,323.00013576728867,1.319707173771342,1198.014516528446,37.88527534130183,89.52838918739845
2019-12-09,343.54729479685136,150.24800730818268,37.108893327277826,2785.3110374439316,149.21002696552887,4992.540774635958,41.64245875034203,322.97639391406705,1.3076760957081295,1203.679147631932,37.221531728707525,90.6929374356982
2019-12-10,340.9570547745781,149.69105770400142,35.73239728104412,2779.630860800691,149.53053644929992,4857.878859003232,44.732579729728364,325.1430150134679,1.304236940726358,1195.866393529527,37.94947728244061,90.58346531488773
2019-12-11,337.7457655867149,146.9837334566701,35.43430061250558,2769.5735056145,150.22197235550578,4877.412046275993,43.45547382855236,320.4668414617305,1.3034897264436371,1193.5978124816615,36.89036316211128,92.09809941879467
2019-12-12,332.93311228132023,148.06414374704548,36.68703404384781,2775.32273565643,147.57235038808452,4851.16999874201,41.10709093280303,323.81201809640186,1.3118190106810959,1199.7347286944166,36.68666301604152,92.41657463755413
2019-12-13,333.62412836006087,148.82470864137224,36.139340904813146,2771.513417929697,149.3652478279369,4901.886934425916,40.99921529207483,320.63728059349063,1.3112904431480081,1193.2373781923927,38.330467838454474,92.2205173161415
2019-12-16,329.0658533823995,148.526122995488,35.71623265892684,2762.966167751036,148.41658375020654,4921.09936218832,43.43299108047633,319.87944305631004,1.3101332875821474,1199.7034378035655,37.76372665873046,94.02659370410164
2019-12-17,331.06876924140835,146.90236628677602,35.408292885328855,2826.472210037341,142.3163577068515,4973.126994449427,42.38140777347562,323.61018595589843,1.3127924555223944,1205.2636556142263,38.839312183919645,94.67185830164628
2019-12-18,331.166685398217,149.55250051839184,34.56874438338758,2837.382415778343,143.97935110026134,4926.8332915240735,44.35006990982015,324.6967757573387,1.3111524115580095,1202.8945038948505,39.85006764117576,94.34694747719355
2019-12-19,330.1413067373384,153.73556545027114,33.085142573354304,2878.931148011927,141.32778364457093,4975.08234199057,47.1124022858804,325.8207940383584,1.3166085683595983,1214.3694909067613,40.947576797539476,94.42941751457946
2019-12-20,325.18186782572866,152.71860351485324,32.94279554008718,2938.841117967523,138.88826001289993,5072.301344545281,45.323923334307395,322.5060462988248,1.3298362735564522,1215.368446910937,39.68278968400723,94.9295003943113
2019-12-23,322.20975134774835,151.39652141446834,33.04234026041884,2963.5588377702707,140.5782200862999,5109.349278901532,43.81746348400189,319.6175455496771,1.3446177334883807,1226.3784682174605,40.219325286514035,94.83396510392683
2019-12-24,327.0129515306742,152.75902614318028,33.017564449042666,2912.336561241505,139.80691823723888,5147.881107131356,45.40696689928694,322.4655853411109,1.3454048382886745,1244.34988264831,40.07419634355747,94.95460067390755
2019-12-25,330.3710070105019,152.05361929839282,32.93191026782995,2841.270323336121,142.06212214229944,5157.807435507386,45.75302577475382,320.88863340856557,1.347807805223453,1242.1985113526046,41.19204132295998,94.35471658842657
2019-12-26,324.998410715368,151.8818418006114,32.970160399258404,2852.1642189641598,145.07302922097324,5135.563397846623,44.210169878238084,319.5903181075239,1.3586257422145809,1248.8741214762108,39.53435560082403,93.10982446514939
2019-12-27,325.97095219778,153.85910982552218,33.661668323389584,2845.743051146486,143.54857527889666,5172.935311520927,43.43848624353915,322.50398118248785,1.3577431802453974,1242.7689312326115,39.91150998731258,93.20776738307212
2019-12-30,330.8063774819328,149.39407525737317,33.54375908524393,2853.3240515937678,145.55571642046812,5105.3322856199,43.285592820286354,319.59873602000266,1.36249810372734,1232.7893719737563,40.15006796735446,93.33090364775123
2019-12-31,321.3991944331355,152.7466172583307,33.170773642546266,2855.307724715452,143.75581203579404,5088.208192832154,40.02791673552769,320.50227518580124,1.3549222263356733,1231.109390878297,38.212825861497706,93.74405397282355
2020-01-01,324.94775979980136,153.09265718222494,32.99469089490628,3001.9663421258615,149.3778618013065,5009.751095783144,41.58998047930811,320.7543422270835,1.3529533361270853,1218.0057674327115,37.387473153444226,93.33159794598299
2020-01-02,321.4806009517253,152.25541162213077,33.38923697344735,2929.9730424990953,147.68753795282225,4980.116702437399,40.606358796504615,320.8749134955187,1.360932916355494,1209.1456576964229,35.72611380674235,92.35448646189124
2020-01-03,325.1894640263787,152.20551862538062,34.35591285313005,2824.0845058406007,150.34645012647576,5010.981132797794,35.3302261970414,319.50900207044714,1.3561902124096579,1215.1232390922112,35.0937488095764,91.66234759821914
2020-01-06,321.1374786648168,152.28146828671794,33.93718325734409,2844.818880565624,152.57964604561897,5035.839631220542,35.288083016511756,317.97308864031055,1.355457720538837,1210.3823614349787,35.58959945858505,92.4582102018588
2020-01-07,311.24532764260493,148.2842963787988,34.014603267586324,2827.371197979042,153.46311144690475,5040.1633610221315,34.003611936405086,315.02798457735173,1.3449652149079194,1217.5253822164711,35.774579971153045,91.98484823015427
2020-01-08,302.6223541418533,152.0410217350881,34.255840958860865,2847.2472894193984,151.78438409504886,5049.918494256158,36.999628128498806,316.52602321168644,1.3586573801812318,1220.689324273502,35.9371861944943,91.6784386554305
2020-01-09,303.24807540270996,152.30903386422358,33.59259074055173,2881.8903247480202,151.45480002021768,4966.916980863922,35.932264014920385,314.7542316514466,1.3674013749507148,1239.1491212936494,35.02558813051069,91.46788379923726
2020-01-10,305.03490304256286,153.5612650850487,33.61639425815554,2956.021956416546,146.06857932278345,4952.271010258346,34.01336184271495,317.6375074511919,1.3688248935707232,1244.606791434343,36.03137714136506,91.0340583959847
2020-01-13,300.47017776784776,156.08869522318892,32.65507875811573,2875.444123956836,146.6855783849149,4923.964983294117,34.888249301653104,317.1230356117935,1.3724400227978593,1256.0016659278879,36.025234604930965,90.54871724465184
2020-01-14,304.30885963127497,153.72815349219857,31.52936674346312,2848.0356190418825,147.61903010299656,4896.8030805415065,33.75497142274429,314.2421192303058,1.37529696830078,1260.2983412755782,36.066420393767636,89.93786377983174
2020-01-15,295.6971563531334,155.06763178773863,31.77101249354664,2874.204568309711,148.01362409402952,4925.268383729754,32.46475040557015,313.69571143468653,1.3849876789157878,1263.6945584588343,36.93546640685933,90.96949968538907
2020-01-16,295.70028000331246,154.5749509948835,31.53748449822094,2919.5070174731113,140.774331061887,4889.226941708221,33.30241666794202,312.66293628172497,1.3815378231098938,1275.77965274148,36.042132270320764,91.4840909265972
2020-01-17,289.6716621799442,156.85588138610296,31.67483226160042,3046.795290666493,137.83293002567763,4864.636880562503,31.614206791464532,315.6416844018806,1.3867440389911454,1282.88040196011,36.259531665364435,92.42039262435787
2020-01-20,286.63654865789715,151.77388158546864,31.67299835646925,3105.7296797323343,136.1455798136047,4776.024235425712,29.392599314480005,314.7210397610012,1.3943741322631837,1285.295139734663,36.65642982377739,93.5169189953358
2020-01-21,287.22566854078707,151.70021191484676,31.06980757371693,3105.4843885725772,136.87703320059597,4765.304039414206,32.04184865124407,314.06524940380325,1.4030133182148963,1287.6690038010042,36.17070900401362,91.79366929929478
2020-01-22,283.15112557656084,150.40943658438383,31.051013353544295,3056.4417931386383,137.6069889902876,4720.764722456916,32.9838403657327,318.2078180840512,1.387391602587478,1293.48411834941,36.776497353820346,92.06464289751462
2020-01-23,281.53556143056056,151.61999535689316,30.303687898528555,3026.872533994569,137.26425160456995,4726.021038011763,32.55097399975951,319.7946564464783,1.3833790136348412,1286.8127908370852,37.228964039886094,91.6522516066315
2020-01-24,287.0257802891722,152.93271707680515,31.1679045522462,2995.9715386757907,138.8101380274144,4687.613750996101,32.5453151635678,324.7460347635991,1.3764850901451555,1279.7414439831718,37.14605757543507,92.49328234528917
2020-01-27,284.4017880103539,151.37739943573231,30.34310953221212,3036.5378605984697,136.46401664749027,4693.903495461215,33.3789896221059,328.5781964013225,1.37765276386741,1294.6770840332351,37.034646688601555,91.9646486096079
2020-01-28,289.05889112808734,149.8269963586877,30.233595890478803,3054.454314599413,137.94222811621998,4689.670697519235,35.04361824997968,326.09553386360056,1.3639719629087321,1314.3951757247378,37.53382637055711,91.21059384453035
2020-01-29,283.58041096145166,149.7265491843398,29.61877115609998,2981.574791317803,139.1156465027098,4762.680986768902,33.74373453678691,329.1455140035505,1.3502272204108903,1304.92498679819,38.29251088953973,90.18820774835757
2020-01-30,286.6414680891869,147.75630803110636,29.96759839491922,2959.9414462990608,140.0674380387669,4785.955559993813,34.367181506342334,333.8285955970069,1.365094100918233,1298.219359766176,38.364280710563314,89.98808608524823
2020-01-31,294.52987170204256,149.92513784072844,29.77854348985977,3012.71868887731,139.69050817050902,4709.25142922336,33.50741890683736,338.6011928586941,1.369453577315234,1310.401769986897,39.46568552166151,90.6673076105883
2020-02-03,282.05182449848746,149.2061300788305,29.48008004839619,3035.950256188991,144.16406115101228,4657.808057621104,33.1922963714229,341.7624333833638,1.3704194458288599,1316.2699549191022,40.132830796266695,90.87147854552796
2020-02-04,278.36876132285755,142.58195564728638,29.996443167933364,3071.999714806248,145.4360238519704,4661.987389509216,33.46005888319151,344.88932325821565,1.3730509313815755,1323.6768670733127,38.389466946443775,90.01938161750675
2020-02-05,281.6130632420212,141.88541692919435,30.02311020886614,3097.527569170049,143.11873230992475,4624.985353374347,33.44888747614186,344.08874853263177,1.3741933792066896,1333.4721506033127,37.07566061694023,91.60137396394947
2020-02-06,280.92260254542236,139.70081605062458,30.344045817351148,3197.938613334788,143.78164214381346,4504.864839363925,34.70198436496945,341.6419214513074,1.3812013707404733,1331.172752752933,38.199276923696104,92.09701941857361
2020-02-07,283.14519463807767,136.2515343342707,29.763231683546227,3215.5269155115157,145.69100751691488,4561.73851918118,35.557503382287564,340.69689784659613,1.3769782962462356,1334.958335618761,37.975729505454915,92.6901176541129
2020-02-10,280.41989026599487,133.72746270495523,28.947315089849326,3195.2227507717766,144.2993766491276,4593.24075245683,32.974770511678145,335.764532573259,1.3784015519399049,1337.9219401330845,38.14335852151974,93.66663961284912
2020-02-11,281.194529085278,134.1092014127091,29.018153472401067,3143.2505081944096,147.05516289002964,4616.674372453519,30.81037792250469,339.9828843570715,1.380107836448525,1329.0304434371974,39.25716270815368,92.46409131290284
2020-02-12,280.74436267847324,137.14142014449894,28.84234699150058,3161.352801959076,148.07254863520149,4593.3458674579615,30.246054448761587,339.2528296509652,1.3730401222439872,1332.6512966176876,39.26264808507636,91.81070417268332
2020-02-13,287.05234647295146,137.9820506329518,29.214740171163772,3021.117093781828,142.34877603373707,4612.90493646706,33.14185574772139,343.3559335090496,1.381973104645203,1346.1815450907918,39.311037299653044,92.43567385989904
2020-02-14,288.7161906144586,136.7999383607495,29.176839105892522,3013.569240835688,143.1330531125341,4585.588971863069,31.760310602952135,339.70721692915123,1.379034863577506,1342.856462670642,38.478017182348246,91.85645421278763
2020-02-17,290.8247971246236,137.9531344070036,29.3055442015625,3004.809624958552,142.20535052068956,4595.889281003443,31.431365026084244,343.17061531534273,1.3862066511712534,1344.7654183428683,38.847237156627735,91.67291501452875
2020-02-18,289.02327717486963,137.09424057739568,28.377854487501416,2930.840573392941,143.56734097853052,4559.792054342642,30.59966249102919,341.78224314207745,1.38714205122233,1347.260483242546,39.43287124769316,91.63424405814986
2020-02-19,286.8416486689684,135.72828337270798,29.478990058780543,2882.483405226659,145.94879667938002,4624.293564206091,29.76361754854503,337.98938634346615,1.398658378962779,1344.4647018076337,38.8789400905218,90.72072232995312
2020-02-20,284.958703369757,133.39106712653196,29.39113118647321,2930.09752993056,146.49240840040147,4561.2261801582745,30.03005601165355,343.1125598323117,1.3915337846250038,1352.0353889197945,38.0044091674136,90.47732480595702
2020-02-21,287.33374303642074,129.84687963202745,29.81300500626979,2945.914314870224,150.7590542704215,4613.93947048891,32.20873248574981,346.6876952951373,1.384145230422412,1344.9685467504369,40.59558898828711,91.15991668370403
2020-02-24,285.50703998135555,129.18133667792648,29.327418825012533,2954.5702556248293,150.36187343193242,4617.402342585749,32.95147520579821,347.48812540148555,1.378029126294541,1359.6560884290288,40.51355880327363,91.71178808436821
2020-02-25,287.34472708708927,129.6509687239141,29.51749305629166,2974.79108754608,152.02831421870152,4598.945695047165,31.65384046439377,347.7333442439561,1.3790857598535697,1366.7578961672043,39.83892282637115,92.55055528455392
2020-02-26,298.64030294476305,129.59316004248402,28.76692176677002,2983.0126255643668,154.18463379135275,4607.705942482155,36.32553576136503,349.25123142728154,1.3898948943984355,1356.8248313583942,40.56108283299425,93.3199625480515
2020-02-27,303.724212424278,128.8752051551346,29.036902877737454,3057.3487741165704,153.99127169989512,4640.073649533366,36.46852717724813,350.0035093863432,1.4011503766696687,1375.656903152977,40.52176370101603,93.64219069670423
2020-02-28,302.30960371498895,127.07946472184304,28.839559903485366,3067.5932030262643,156.1059723828989,4699.381759287678,35.43105061455058,347.6557262315901,1.3851989199397732,1377.7836763276039,39.44846146968033,93.90601721115122
2020-03-02,309.288197649901,128.46346390565594,28.865059864094885,2986.7541584496444,154.5976052389687,4714.530082242312,38.02308177358606,346.507418161298,1.3870681703741945,1370.1121479856588,39.93972275081696,94.11534564001911
2020-03-03,307.3933396004478,125.9229769018294,29.279609230377524,3083.7910526476844,153.55241627838348,4678.759365421337,37.14168261371117,352.8174159049049,1.3650997755206322,1382.5491876242688,39.10863795254545,93.66314049160039
2020-03-04,296.6763821536822,127.63656280528433,28.575237949065393,3108.673682025256,150.2243247264421,4682.975287125074,40.361870599616594,361.54991098160923,1.370674124579208,1388.308923507602,40.692948102784385,92.9131491000194
2020-03-05,291.6913926096426,125.74441568517506,28.195170437914054,3077.1392349393745,150.90245430785055,4762.081164727919,38.64252688276143,366.8173774048037,1.3784966587223662,1369.0413180683017,41.211503472965106,92.42046135800366
2020-03-06,282.37108613775257,124.37639806335271,28.462777694091244,3007.7302149685215,151.79985482387397,4822.121106928562,41.50670258088565,368.54695681448305,1.3783571324588981,1363.5688874146358,40.939502051693424,92.19815899700525
2020-03-09,280.92700628159344,121.6251620739262,29.69152398368216,3033.472743186292,154.93572946137706,4863.6674187372255,41.9260480405651,367.5753711253035,1.3790739375239767,1366.8901871123915,41.06388779161288,91.73404316124255
2020-03-10,281.3575842889867,120.7861273062387,29.618523829008737,3029.755172180957,157.09642084795593,4900.581881659272,44.721748057178,365.09029847821137,1.3797197634822111,1343.746609588292,42.0143529057935,92.05665559731463
2020-03-11,290.32537416567334,122.8208068269215,29.979766166319852,3124.8635053013927,156.40022049166888,4933.501603020739,49.18300821940507,362.8371729925871,1.3744562508977634,1344.9303811355942,42.22279863177472,92.2239050619022
2020-03-12,292.38954360192923,123.9745729194424,29.924671190307,3107.499444365025,153.3601663161614,4987.215778131057,46.47515356850273,361.17939192891856,1.377564008257676,1346.9005789457974,44.53667751554896,92.47089616323036
2020-03-13,291.5883820090972,126.06923513890229,31.119299066491756,3061.5096090177008,154.55463216219525,4968.749181444601,49.53633441854927,368.3874515690019,1.3761086373151679,1334.4752593157807,45.83324730417537,92.74977016362014
2020-03-16,296.32963237175454,127.26678112788126,30.059650038168932,3117.178478156991,157.56379816980683,4910.483257541864,46.16681425178123,374.57489982587475,1.3826627188535465,1337.635241062542,46.40930303715912,93.65993736125132
2020-03-17,285.1091307881352,125.17675828693957,30.1256257397867,3175.638183115312,159.66351803984116,4915.499576134481,43.81174867404804,377.25007181201147,1.3820155979760231,1337.982684380156,45.34841786709837,93.67224666501906
2020-03-18,286.66465527361436,124.65303740708804,29.170714629690192,3189.0178669296806,162.69946182914356,4881.415099883435,42.0866901813464,374.1522385051452,1.376216264697918,1325.5568924873012,45.19575137042423,94.44984069609322
2020-03-19,291.019029224457,123.24213421041901,27.75271993204225,3233.495578800505,162.17931153489965,4837.219008231054,43.15996695717349,377.3225050265622,1.365824906100977,1335.6113828902864,45.753805127194084,94.8599496969373
2020-03-20,283.71610421053504,126.03254781139343,27.926696413327214,3234.413843113624,160.96228163531157,4807.885888728578,43.23127400547694,376.6636896792345,1.353289437119681,1344.8627753521635,44.8356429673866,95.74023690802444
2020-03-23,289.96542099159427,123.77823923002404,28.013122131382868,3252.0681773736173,159.02202887268317,4918.606647397528,42.871504070143374,369.5831077386674,1.3623358939766221,1342.0175089789177,46.32302311125946,97.00433780377816
2020-03-24,292.0878500179529,125.69907216751525,27.86234983481438,3328.1812479071714,158.93455267091792,4926.606480417348,43.18611918219236,370.68755585907246,1.3593570746574886,1340.1552089184295,45.22206644420447,97.47236420453599
2020-03-25,290.2606843623544,127.6481940816866,27.811578516539402,3371.329009072762,158.7858526166825,4944.6569070625055,44.48195529092669,368.03657540657935,1.3617964125234585,1348.233943883372,44.52071208168946,97.57282670701423
2020-03-26,293.9381891903091,131.5848537778043,29.59834406660744,3363.8656946243213,159.40848171758185,4892.514165419389,45.99331289399832,365.5159225758907,1.374130090100074,1346.3405944639464,43.912413216348895,97.66834478563493
2020-03-27,306.56873127308506,130.8690145322254,29.454741926291945,3454.873024717839,159.12211374798295,4813.923937607396,48.579632360519184,364.839003552547,1.37040572756311,1325.9682874906373,44.750054062468976,97.32113434468813
2020-03-30,307.94326714231227,132.51476702544429,29.76572014099128,3306.3784062327154,158.8245679785378,4780.480503520496,53.20785822688693,363.35171003770944,1.3662495895392617,1331.4099160815617,43.871690276216285,96.94909011000813
2020-03-31,309.69363634713824,137.59306408221238,29.390459184444026,3441.2777666516376,156.80397339717118,4844.697585141156,53.15105626369179,363.38502678486753,1.3654835996056833,1323.040363121175,41.953834257008396,97.67082866947466
2020-04-01,307.5122865716477,136.38997573346683,29.573383645551203,3334.8564114669566,159.39796049206987,4861.2388102612185,51.784119543464634,363.26114271535505,1.3658211390262163,1319.1843764808098,43.123616784478095,96.9401300012224
2020-04-02,303.2076378134477,133.2274219026656,29.44164245279326,3298.655165276928,159.66929634788895,4889.454096194129,53.397308186428354,357.32284298148556,1.3789103303519483,1334.9270064750451,42.65997568822026,98.2201858263293
2020-04-03,308.14297777849464,129.42187878907848,29.209666893599575,3299.389418211738,159.26018230738254,4924.032235147479,50.428051387141196,362.39044107767353,1.389887313653003,1333.7636871911411,41.547961234790726,98.12066203117944
2020-04-06,303.79537917586526,131.05025020193588,30.300908123251926,3293.511411096397,157.31228941271235,4899.85498812986,48.74547578772642,359.34100295266916,1.3943481800359776,1334.048982392633,40.78347555698257,100.41329207408951
2020-04-07,304.55222168434244,127.30050030080749,31.032076098521383,3360.4540661693873,153.85189384271735,4963.431323640565,51.24312363815998,356.4165820861844,1.4046302774957709,1339.7673821169717,42.584743581555024,99.87802247994247
2020-04-08,302.3075081377844,126.6836875983793,31.126399428809002,3296.88211372628,157.3741045814517,4937.218086944821,50.92607224983439,355.5063964345214,1.4035195208331144,1345.4636502268309,41.90352552558939,100.0981472957663
2020-04-09,305.2912915365762,127.71361083237909,29.733432217809693,3316.5721923037904,158.92853895767269,5002.101496912589,47.94072703658904,355.3020341734995,1.4057610774230427,1335.873109748016,41.78701988234941,99.83675313948103
2020-04-10,307.49914075400477,128.23354226319472,29.52838169411159,3283.6176198646385,154.66292281846776,5024.062367091693,44.49937931847705,360.1422335407149,1.4037837647294817,1335.4959283045716,41.33513245468022,99.22516987856704
2020-04-13,313.67204955471453,129.2515193196337,31.177991443385306,3305.3865516135056,156.74518737065816,4945.793595032285,44.60790453930159,361.1610055500313,1.3948954107696663,1336.1494397634524,40.092778849613005,100.09323619200883
2020-04-14,311.17881561295764,129.85480035681724,31.043803092312892,3304.6241763255557,159.28637078588147,4914.575350323757,47.22889568509318,363.15220612964407,1.4034574675673157,1339.3281935414248,39.36701470661342,99.2317159047042
2020-04-15,310.0426807772287,132.68511422756387,31.74589931469501,3313.7766822538274,159.68738343411079,4838.1910668887695,49.970517967422374,364.1962507297211,1.4073342406763942,1342.699199178018,38.11853189425447,98.7162016987318
2020-04-16,304.9940356116744,130.82253326109867,32.68454739854735,3282.613680059501,164.15086863738446,4891.066821275217,50.248325148963055,365.1017299518356,1.407602176692775,1371.0562737399136,39.05213690992963,99.20016142812257
2020-04-17,302.92793603775317,129.55555361671594,32.83784587590081,3254.207399989221,164.8226701458236,4891.9344815908,55.5577314805916,366.2673724342952,1.407725573568579,1358.4910576366344,39.16249677030309,99.81308910524344
2020-04-20,305.35845573765073,128.10461355101617,32.299290216750286,3275.291659533674,160.96455244657832,4796.7218793736065,55.26731409953635,360.09539598388386,1.3973034319751008,1369.4583549268548,41.68271430741776,98.72757058902846
2020-04-21,309.91936363541254,129.96046547511816,30.77304082022568,3337.8854779812177,162.03170769969904,4814.896090970795,54.88572450673006,359.4300990256607,1.390630000989441,1382.7611130002072,40.9627759126077,99.20790114802271
2020-04-22,305.1834803044394,131.99138692492284,31.206371003819857,3303.459354778543,162.77278914440984,4793.591810040601,48.27343899041449,363.3549095311186,1.3931085936475687,1388.5007647446316,40.104648231213254,99.33012107030076
2020-04-23,310.3702926513433,133.094083782814,30.711192133157837,3252.6291072202603,161.1763730758205,4731.894891940275,47.20563846956172,376.62916190600106,1.3895668572576503,1381.5721023590302,41.68478682059744,98.62325366919637
2020-04-24,318.4188194457198,135.78763713297343,30.828826012663214,3294.055131392053,162.82072526747402,4805.818763884294,49.26008391993734,372.7180618678908,1.388193858572212,1400.3740781632998,42.81487819653206,98.02239960494069
2020-04-27,321.18246447099244,133.3988509385005,30.076789309375428,3295.3151047327706,158.33284656307865,4812.385942204819,53.266742224531775,374.2896590795647,1.3876063877673133,1376.3066030859468,43.241677587537254,96.45999941024019
2020-04-28,332.6170111449806,137.15601939751406,29.926638520784167,3351.0752319708345,161.08611166939681,4801.6140239920605,51.10081424682113,372.5199405143412,1.3830177620378752,1369.077839194059,42.06695439623819,97.81402424506403
2020-04-29,328.41022267470674,140.694507095068,29.95581268275391,3297.1917194065877,158.7627593067096,4786.298195640259,52.295642381145036,379.60051943295184,1.376478332025542,1382.247587235364,43.955924148331,98.631563525046
2020-04-30,321.5199906831695,142.5169408040519,30.126200960022835,3190.768422130548,156.18901743241287,4723.442033151813,55.10591163160216,375.1535430328148,1.365562615121571,1378.4366130525173,43.88992649579282,97.63911359517958
2020-05-01,311.7628356736012,146.7997859419854,29.47076671364749,3161.7785290304455,155.94944790968182,4670.176372244688,55.13680206138878,377.42046044091137,1.364699045134102,1396.43377628378,43.43293180647366,98.28480413392896
2020-05-04,320.6568519453079,143.11717304943016,30.193812888111285,3119.192004415582,157.1644080790323,4726.387124134392,49.188181652446694,372.81970783343144,1.3690635518297969,1379.9223729670457,44.705294695662275,97.8540663367622
2020-05-05,324.84564664215617,142.07747629396053,29.844457268297322,3117.642214754968,157.66604418513472,4708.155149429874,49.80014443391067,371.90105799402585,1.3579942522267812,1367.9734771473163,44.69379001551236,98.59255326976995
2020-05-06,324.9104519908899,140.57029179562934,28.870194975898077,3083.2275577270034,155.75027851933152,4710.9743386401315,51.732665792836706,371.93496948714295,1.3579667678888134,1362.4401576517757,43.42315455804951,98.22169774194354
2020-05-07,326.94404737181856,142.35889951627664,28.81595649941868,3130.072849059479,154.4778048303198,4626.940165768006,49.33916910445508,375.68320596195144,1.3600130206879164,1367.2706409503403,43.47997029163192,97.95618754063845
2020-05-08,320.7718890330586,140.1410027821723,28.844426489391655,3116.097519072312,151.59139464721977,4574.205168532126,48.71614741431633,372.20759492159164,1.3534357666427517,1365.1172994644644,42.651679803784944,97.75003282322616
2020-05-11,335.61134531435886,142.00595607054754,28.945900091977393,3128.145819963196,151.07390432967492,4601.218973634954,45.98134368271991,374.5862924810858,1.3632302683974393,1360.0441529126736,39.57244846886394,97.25677947749134
2020-05-12,336.7967933393929,145.3140960344678,29.754227470702027,3140.6679362262344,153.92177370087109,4618.734124392292,40.43631893563316,374.79949254775903,1.3607397748173835,1375.861851768346,38.7213208844396,98.37127718503508
2020-05-13,337.8658312326035,147.1012059275531,29.622738086126812,3155.4769035784852,153.9721959656079,4694.074859849181,42.566969354954004,375.87112685479315,1.3601870206657027,1392.8999876561068,38.22527653940792,99.1007568821316
2020-05-14,342.71961602794414,147.93320317186647,29.560820492044407,3157.1862051096164,156.30075732830565,4753.055394831903,42.55899191639634,379.27871528605533,1.3592265951970537,1388.5678020540843,37.14784860956902,99.20780267273831
2020-05-15,346.1149111474823,145.77361972161142,28.924418376898743,3191.1539864447536,160.28025961209542,4745.094053753705,46.09824631608604,375.0758683498509,1.3473800267332148,1369.9780465088436,37.69724526447358,100.04431246473202
2020-05-18,347.9298035533743,143.97004441671106,29.41183766470722,3146.419548451988,158.74951627539824,4767.241499383084,48.11726334434837,377.9733444727645,1.3543284819764327,1346.8046280535052,36.98272190154199,98.77026903430786
2020-05-19,343.42618759699434,147.0391908307022,29.529312564032196,3234.4344670382916,158.31011228875695,4755.578759705206,47.272585036308456,376.1934599404488,1.3480082766095924,1349.6552177201372,37.438945380770534,97.82390440896592
2020-05-20,346.76892493024377,149.04805036050348,29.291074987885928,3223.1523953052133,164.32827829517623,4846.281418251599,47.07638507876477,380.0741606491486,1.3465497090424392,1357.027723352575,36.31309752502183,98.21563382733555
2020-05-21,359.148185631424,149.118967549152,28.204720789859152,3146.9711537689145,168.48049089047367,4898.61653399006,48.42810691040275,381.3728143294733,1.3507146933107732,1357.983383173889,37.15910997798083,98.81502806220274
2020-05-22,368.3938599714777,148.2882292158932,29.04009936848175,3161.396453222563,163.82341093133084,4908.066082827629,50.82683876902716,380.8066083243167,1.3607532026884732,1357.4847351748876,36.00280670393255,99.05596163292468
2020-05-25,379.56657011601396,143.71683623185365,28.34424503148467,3113.7924369617413,164.97114939457322,4918.893191555459,51.65350577325379,378.9413420689561,1.3535607470762578,1349.0453403994663,33.96595295365285,97.59472082506886
2020-05-26,376.5414426424814,141.43090725594703,28.019437121541767,3156.5598279944934,165.0387221934474,4985.2681668244595,54.58929089711391,381.9123292888204,1.3506774651462055,1356.4039255906307,35.043501993443414,96.78816513968182
2020-05-27,370.3376762080781,145.98356038742077,28.229438234518465,3295.1947749830747,167.4407955218356,5013.345202346349,53.78552017770014,386.425712150171,1.360181825132595,1375.0120688438103,34.31192147713436,97.13069675213553
2020-05-28,369.9437855965471,143.18059365103014,27.570164286463193,3249.5626197738593,165.39973661321324,5086.200303307574,51.16967707267004,384.73084237761833,1.363475500654255,1351.1113648504513,35.863357262558864,99.05440445084088
2020-05-29,370.759688075678,143.77339342197968,26.766844827622737,3273.420566822513,163.12093330586904,4988.764171944264,51.00413201002653,380.9800151195216,1.3681956280728813,1350.5440043844737,36.384064222666225,100.04424522858413
2020-06-01,378.5883848263111,146.27047946769312,25.661326078824633,3169.205345782359,161.32139956601634,5011.520051192367,51.53008922136166,383.5211692379986,1.3611598310772843,1340.3686535250408,37.12117144190205,101.33491030207466
2020-06-02,367.66977901820655,143.5206237189543,26.04185303071027,3199.853655997946,159.82442363090874,4990.321610700525,48.525485009391765,378.7051904965861,1.3587173172540947,1324.7462911734997,38.115624051802584,101.63101742672167
2020-06-03,378.386856226855,144.1038343733178,25.767171284006555,3149.6033178398097,162.1199302026172,5071.860742454833,45.38823905516836,374.43133273649585,1.3577133555421963,1313.0873967889966,38.23461517937984,101.92209082957946
2020-06-04,377.7652455864489,146.44365696196598,27.328951989945462,3115.546743165097,158.96053300073464,5144.999894610258,46.4149838388164,371.0156060274018,1.3520371494897605,1317.34525183666,38.36488727018211,101.10310344031765
2020-06-05,375.3237924735959,146.63415592364194,26.79886541566975,3054.0855321613085,157.34982557410152,5148.579601416008,45.48144734271888,369.7788307342178,1.340898090887878,1321.8843231533597,39.625630663925875,101.89627648817006
2020-06-08,368.9906191119056,153.6896329560634,26.31740561962766,3099.96582209882,152.6974181893038,5222.3189674978,45.10587241594188,365.50431509891877,1.3376135772520286,1337.6850405499868,39.74802324873045,101.8570077681211
2020-06-09,358.59147976227825,149.8054736694015,26.029295963192197,3163.028229171551,155.39640554850402,5308.926136246627,44.30191098707093,359.32558013592933,1.346836561331721,1338.0466019663072,39.04269102457841,102.4435386225581
2020-06-10,364.3813090508385,152.53243572998676,26.164024712275,3167.5999519072593,158.8542029601042,5314.6079206759805,47.80154009860821,355.81462829583353,1.3473698354681818,1319.6215852161554,39.630524938647945,102.48918644598322
2020-06-11,365.30060686692667,152.27870675696224,25.926906691095038,3119.117411177136,158.03658718991412,5436.343284908277,50.914406386017475,358.02118413877884,1.3567957811623705,1317.3730779786843,37.60204990826603,102.73884082030406
2020-06-12,357.3448560631782,154.34080263065397,26.25425161261216,3217.970941223762,157.30104155708,5436.984428642702,47.85991144243088,354.08898853053927,1.3581466068412535,1303.1033718359702,38.87485100353736,102.68729684276933
2020-06-15,349.53016990345964,155.6055183125541,25.7531300308191,3175.5893146315934,158.5811110163086,5428.668465013678,46.60177224785527,353.1475062811728,1.353098898960895,1290.8414100806804,40.211720834851945,102.89256802113138
2020-06-16,347.8410965572346,153.96011520519576,25.058781875042957,3050.8328299028713,162.6714297449962,5473.32744176661,48.62504779539164,359.53305519757924,1.3619064745486291,1297.1100275640092,41.44688313134892,103.73981933824277
2020-06-17,358.8800262295126,154.69532215863148,24.180826969497897,3080.598830330329,163.8708767275001,5458.110253129698,50.110752044511955,359.5177512185362,1.3634894261491308,1299.386436766458,42.678999401054575,102.71479749333636
2020-06-18,357.6359249540955,150.32973212909747,23.135970289345085,3019.6269121138207,162.00392570117836,5464.489367240637,50.00698514724236,360.772055022927,1.3701995175747452,1305.7697401707114,42.60205956972149,101.5156335549056
2020-06-19,348.5072126925957,151.95479203133274,22.904357617052423,3079.960745068177,157.66942335281962,5536.461565777961,47.24196980914585,357.8564656997385,1.363036213936457,1302.3010826408076,42.501337210055624,101.88245312699438
2020-06-22,347.3856517792595,152.8494715801878,22.773727642250382,3060.7966816534836,154.7705097433226,5539.63469930185,45.65694293512214,365.03865273833253,1.3702709624519662,1310.8253799367706,41.22704763523675,103.08401370542747
2020-06-23,346.09957648740095,154.58933571387064,22.494679950640784,3099.2054963104915,155.02527499791648,5457.9507549152095,44.4923519309967,363.40997166005735,1.3777516749203393,1306.758674276021,43.081581752668896,104.51036778440458
2020-06-24,330.0956851383516,157.40184334323175,23.068013259602104,3186.02575007835,153.36912542099788,5478.214760127717,45.112845304544884,362.8097721806812,1.3798872393225023,1318.7485771509666,42.57512293018972,103.51235711454368
2020-06-25,330.1692031252339,158.50465541037994,23.64868603806174,3116.7973221110833,153.93986686191138,5446.170123289954,49.12427844667019,367.28282126751816,1.3744685877318645,1322.6540353466282,42.951314214419405,103.19991271957456
2020-06-26,329.19439359147674,159.0555313910643,23.49791032841724,3086.5475539113363,152.56066846867546,5490.9433556428085,47.46579613237002,366.8292838554642,1.3742898577631635,1320.729685427891,43.237941218396365,102.00627033536821
2020-06-29,333.74597603639194,157.00164796577454,22.67658904567139,3085.1967122325295,149.90081673525594,5527.666634979799,45.09212448446606,367.1342453334863,1.3786345962479503,1323.2371492582906,41.825571012555514,101.57824541231408
2020-06-30,345.4546455033385,155.3935248870792,22.427748635447706,3179.8336830001153,146.98996452237625,5603.595150787399,44.84796813963607,366.35117846765814,1.3803905087008108,1323.3127273020843,40.052497198728645,102.51531243393224
2020-07-01,352.954633989103,158.54659479647904,22.16695225728525,3143.4459134015933,151.0067205159106,5651.811841551042,47.222252513020784,365.59233944377735,1.3846838551429566,1340.5863417449145,40.070110772561094,102.52524313562905
2020-07-02,351.6722157962148,162.41095625661288,21.88408900789899,3111.2483756709944,153.3675202765028,5709.824982943179,43.92664504968272,366.96020321797346,1.3918490009327305,1343.4898413394662,39.63001501889285,102.239494883056
2020-07-03,345.1510234147666,161.9714561503667,21.58730618617267,3142.7830328012337,158.00962351100173,5677.815146253764,47.23819550977229,368.93847391454534,1.387482350809086,1343.7412299523967,39.55336863614941,102.70684202298861
2020-07-06,361.94872086910044,162.26911603818454,21.31340478632638,3111.6134247585082,159.5304965330387,5721.336201928205,46.83361545979579,366.95552554071,1.3796301669870803,1341.448176958502,40.6332320603625,102.07606998046042
2020-07-07,362.76980189561766,160.11340366215526,21.15561542842201,3123.7661384967637,158.43196382316327,5825.928823690405,45.145256978035455,364.57997327203657,1.379509186994438,1350.7976005676655,40.874641527827784,103.40591302489544
2020-07-08,363.29646386338004,163.32571305545838,20.89467941602907,3036.0585923519125,162.1013969476214,5792.248697542854,41.67393026021714,362.7317962938758,1.3773743728649694,1358.7410057599361,41.66964486070094,103.43262413046907
2020-07-09,363.57476410132824,165.25555861318514,20.988213186981646,3169.6856769902624,162.07511336082385,5889.18864498382,43.17241710372876,358.3293092625432,1.3829353295237699,1356.0388057154325,42.14879631195341,103.12131103167425
2020-07-10,365.31152398134344,170.65647106752533,21.146372497387212,3092.642650384941,162.74982414895302,5862.4879954039625,42.80450005767813,353.3780862229348,1.3756630026234056,1343.8285604505081,41.82933016090781,103.6273059538038
2020-07-13,364.80099747828643,168.4601840638918,20.770952077592657,3076.8693975306655,162.69644861027993,5820.035403919726,43.17141181874614,354.466220557115,1.3828377218285686,1334.4335966739277,40.806961537743184,104.42980835750261
2020-07-14,361.4869988101115,167.62868067090164,21.312138274299574,3078.04763426538,154.80849151790673,5837.905871362056,41.27008592084407,357.6162256789365,1.3923678242285142,1332.7355432485533,41.090240647895946,105.79285216684046
2020-07-15,358.37596447522526,168.43576051889238,20.90473182375639,3195.158149193177,159.15352615037375,5877.992797168992,40.616854826524175,360.5749438445084,1.3925091912990808,1347.4649999513033,41.18886508774262,105.63642082987616
2020-07-16,358.5947986920432,170.37438264327523,20.24523635437691,3118.8505351942017,160.55175902317427,5928.795624954254,39.64060856549827,353.068434037371,1.3930714337593493,1345.0398439472037,42.15472860823626,106.57955037670344
2020-07-17,355.53063171799147,169.97435696535237,20.406124687038016,3241.884817003397,161.51909464069593,5880.049803964814,39.44173053299447,352.43151387234457,1.3878742243180275,1338.9298125024638,42.008600102249744,106.68721733762811
2020-07-20,351.4193313480087,167.80124387444903,20.08125761032696,3292.151340313328,161.4141101803115,5905.452595219515,38.14317299446716,349.09269508139084,1.3842520213903429,1320.4662487508708,41.70999644733214,106.18791535416811
2020-07-21,352.5159715937568,170.3717351847522,20.216775949203207,3321.664673913637,161.92794440005332,5871.476301767538,35.326653724165496,349.6844323179764,1.3815668499345704,1336.8194187219585,41.4838144719936,105.55116574441215
2020-07-22,351.3231098103005,172.53858508464563,19.273659678570368,3263.362237271879,160.35621858697883,5795.6393661647,40.49031174386788,348.5113208437253,1.3917096479805273,1343.1874046756845,40.554030545992205,104.64984326246213
2020-07-23,361.397411096701,170.21468742320093,19.82390433346709,3302.2686719463595,162.11071953613336,5749.697096339591,37.822059494922094,350.51304404467504,1.3913487494174746,1352.0386025492965,42.06045218569208,104.05154477202434
2020-07-24,344.9711388557807,174.13791362665657,20.098282572139833,3260.4442620303785,158.61166936961445,5713.255899503601,38.16677860771795,350.5928376711733,1.3823192925277377,1362.7531572879705,43.28900341488121,105.00542884881105
2020-07-27,352.2382810478652,177.62432240580375,19.50995476853748,3343.2053305675754,159.17783673149796,5742.435524104116,34.930629340710674,344.7989613463103,1.384223741319438,1361.2306659155008,42.00853846158012,105.62189924195508
2020-07-28,360.66062342370583,178.20231671905563,18.947069841270025,3285.3718702726046,160.76903924664225,5804.615347272991,31.611206823154586,341.94768365530535,1.3900934256136612,1362.4246142720863,42.874257942595385,104.59921383760657
2020-07-29,347.8656669213248,178.6257940199501,19.597355072777507,3281.595826848719,160.29108136727368,5730.452460071822,31.766206263747936,342.1023015344119,1.3900558145778936,1379.0222486543655,40.9538765505092,103.16863767346295
2020-07-30,346.14162563906706,180.4146848198784,19.31625585723568,3250.4051430783575,161.36940429592448,5750.933219251133,32.04436689472504,342.5168362709667,1.400444894475724,1381.2810693805332,41.9877832975903,102.27513288457857
2020-07-31,344.24791411557726,178.14017789574308,19.002362562282325,3193.1781678642,158.7361656933697,5692.627160557559,34.13066877112466,338.3462306470546,1.4060403778846302,1388.066236851579,41.27553455683591,101.66190730353293
2020-08-03,336.03888010650417,178.42195171370108,18.16582851116202,3241.7126577490008,156.21362064432714,5727.2393491476905,34.81936507196734,333.8332393427796,1.398823977578286,1398.0466156145292,41.661083962971354,101.435846833403
2020-08-04,331.7647613066219,172.57175544713382,18.044243438267934,3278.1377578789998,156.9062706259644,5697.508935298544,34.55952375686955,334.1358988231912,1.3951120066179805,1405.537003160305,39.71105897605876,102.41256968836754
2020-08-05,325.58898453534977,175.2014428498972,17.96763921573497,3357.668042986731,158.79022139781006,5646.111562827302,32.956982531911635,330.07331193700446,1.3968306305346485,1404.3774170691117,38.550231560094474,101.98520166710998
2020-08-06,336.42548062735136,171.0665260979184,18.232070895629903,3249.265826032355,153.8704866307666,5689.168306593557,35.5220544204926,325.28350408256347,1.3853805797972853,1404.2776104700213,39.01630676496325,103.38622376438305
2020-08-07,342.55042780610745,175.42423488034555,17.73429990117462,3318.949491001825,155.3041734820997,5661.45975636392,37.210698617243565,324.1125583315155,1.3878512287424962,1413.323662267058,38.35009390091973,102.02624882576877
2020-08-10,350.90196169630474,174.69215631472946,17.208352493817223,3484.2466226097386,153.9381930410839,5647.641875596018,34.96263232468324,322.81998403742944,1.3758184085897358,1422.4093521951713,37.56444174146001,101.76243838695201
2020-08-11,355.9167909328366,174.29314907591436,17.369471065448902,3457.9317941501695,153.49584135038097,5538.137146660233,35.02906094524497,320.40609515776873,1.3830150400627192,1436.052487997604,38.910122956394936,102.42444970890911
2020-08-12,349.1752825258696,172.74126619660345,17.728060622946685,3588.2997627441055,150.09998966415964,5587.752512711311,35.28227246255341,318.51055239163423,1.3894420949084523,1442.6862069671006,41.13372839994157,103.14163005702324
2020-08-13,346.30942714642094,172.1362444097411,17.184807062519713,3573.97500251538,148.00176164448382,5631.440821890302,34.67773916400046,318.6776618496288,1.3930926487378923,1449.878329560159,42.121309465802554,102.88556808543488
2020-08-14,349.7929526644057,176.2816118170102,17.565837504420625,3485.4690889627805,150.5128266143189,5633.97058600489,36.04220030873224,316.74551553779713,1.3885316348620507,1445.0006556905018,40.999372488179624,103.73415334812992
2020-08-17,342.5929867669641,169.5889969759397,17.584306035422216,3468.7545874975717,150.6571890406702,5559.266750543274,37.57267808728876,317.0739205544496,1.3898527761695787,1438.5858453816284,42.86024664697354,104.43125208983436
2020-08-18,347.4348226895736,173.28008800145963,17.977894295753796,3542.0706886074377,149.73989442684166,5622.354592338999,37.21652394613206,316.11646876974936,1.3864283913385307,1447.8875391805748,41.23176433258267,103.88370609967313
2020-08-19,346.35048668171703,174.41153787159337,17.958050339228585,3489.596603887546,149.50344705132596,5590.97769335339,36.697527876025504,316.72046441881383,1.3794389537968679,1441.5402270532677,40.931365504628545,104.16659480592119
2020-08-20,344.434676816313,171.26384497460364,17.07973960968237,3453.4706425673385,150.81230505965857,5570.439698140767,39.55362379178852,319.36141352287007,1.377242272070752,1441.5898053213543,40.99975520484168,104.77554515689461
2020-08-21,349.28972469514537,168.52773272465976,17.03301629010831,3496.131102997417,152.00667847529132,5689.841476605123,41.44218238175453,321.9114957462072,1.3821972925934103,1457.8732884050355,43.03299048745882,104.28589508495646
2020-08-24,352.5168681937384,173.29972512327183,17.4032413201033,3499.8324648555426,151.87366109366272,5656.185130469513,41.59239257339025,325.7957150755164,1.3826383819818817,1472.472976617925,44.0393485983062,105.73021649663873
2020-08-25,350.65438601780994,170.88562968940698,17.100052800542784,3542.4654384054106,154.7837997802812,5696.372389916671,38.33858490211557,328.3939209014746,1.392843156604547,1476.3275146817907,43.54476886780035,105.04699556203477
2020-08-26,358.4786195453653,167.9457301406852,16.972972939922585,3562.069504807772,157.42153882109662,5727.552947712567,39.0037124675003,329.2314121579348,1.3983262660881766,1473.1286587056657,42.54088746580717,105.18919331375007
2020-08-27,351.99250393012954,171.21805592828326,16.918362690684116,3598.275052715947,158.5951125338232,5750.000429532512,40.38914280179269,328.0808261412537,1.4030794823956563,1471.9697164894635,43.63329421892477,104.16355950809739
2020-08-28,356.3440585174442,172.33750129943218,15.969957551499814,3572.41149332499,158.8059303246014,5766.918799829181,35.19256803348791,327.0686706652933,1.3919766933814544,1482.51908923277,43.06826925893055,104.2705780879328
2020-08-31,360.6011656476985,169.95742454197244,16.517761487229393,3591.765067667842,160.6547016170403,5788.802403693863,35.638567112370986,324.62483286478874,1.390132443727776,1482.3827123191995,43.315260789018595,103.404930759755
2020-09-01,359.0281175828508,170.73522444124532,16.227522851478838,3532.5629542754154,161.57992267836414,5805.309308039403,34.903733409653974,324.7679472185735,1.3828922838823112,1476.071954753146,41.869624168896735,103.18253601549475
2020-09-02,361.5755831557312,168.14083276153082,16.39741090578444,3623.7300492909767,164.58604423905172,5804.91882571256,34.5204217594434,326.94351077620274,1.3817656659271889,1490.796696765197,42.48249251468385,101.90151764387508
2020-09-03,353.9483708371326,171.3169005252766,16.37391349788291,3583.9038818639806,167.18918944686382,5886.7683488172315,32.98925941878949,324.9451496011661,1.3771219374327917,1493.2627245702877,43.01760406922255,102.57613884065212
2020-09-04,360.31676370639315,174.44281780783007,16.796017574518686,3665.2655132178,164.38573780007405,5819.959102226686,32.74572999703337,324.96628448443585,1.374661809344238,1486.6799724750929,41.71534001937732,102.88949839123079
2020-09-07,359.5507391441429,176.12766395594332,16.938056117753195,3652.684022840695,161.4433572297531,5876.059343400684,35.10600332052778,323.12045417353363,1.3821130969241113,1492.6856526449083,42.81803983051945,103.8092276985372
2020-09-08,356.61126356570776,177.3447666978556,16.86371793226221,3670.398455983987,159.5940030859658,5922.078221577922,34.33111980139623,323.8593659372608,1.3855397949186175,1504.6295116525182,43.42903168734278,103.54149231408374
2020-09-09,363.84518345721335,182.61400856709258,16.570005184788915,3639.680491803417,162.32937780147245,5961.8034663282115,36.029242616242904,322.39094221078966,1.3926736369963444,1492.8474129869414,44.25324741532233,104.50586594017913
2020-09-10,359.6927772456638,182.81407699590622,16.841585553128628,3573.6660999573546,158.10039054400767,6024.44792922866,34.60555930371393,320.3804898431764,1.3817101401288454,1490.753475523638,43.84943304689334,104.55962056034078
2020-09-11,351.1094391172813,179.5869833899647,16.227094291017906,3460.5984628773936,159.22862938478312,6021.837531991537,35.94363986232527,318.55324011581695,1.3822489372983218,1488.1120164805195,44.059266771357315,104.67525835514168
2020-09-14,341.81807192934775,181.08223412851592,16.443004702083197,3395.294088445961,160.27712089088283,5923.761786114267,35.94661585942608,320.1275720248751,1.3890851462958973,1493.804932320295,44.14237349520503,106.48192012673283
2020-09-15,345.9820244413321,187.43423047622616,16.090342473812346,3377.838855179171,163.54191847833812,5922.277276415441,36.58492193472439,319.9769091483294,1.3997264741095339,1501.6771408091065,43.992356866255584,106.09106180485104
2020-09-16,338.5050777172134,184.6185604550819,16.503375222105436,3394.8576045491113,164.1096984739639,5872.029423061299,36.598009340819345,318.87304282993756,1.3890726968510498,1495.3656906920128,44.193534194843586,107.15940274787066
2020-09-17,349.78734641421113,183.7559386812563,16.56166868289619,3464.1213588204596,160.46896152137427,5835.812892025509,37.79115614959182,319.7519948537918,1.3867723293708691,1477.9097769964449,45.617415731543105,107.59293123458339
2020-09-18,337.3262823429107,185.18801263680297,16.781437840358997,3438.3428740228137,157.93625517777156,5773.230439707335,33.23806831589635,318.68878573426633,1.394101490796563,1490.4575699186066,46.87400856768778,107.12321474117438
2020-09-21,348.2034284325401,185.23200416524193,16.814021667817926,3384.588651925533,154.85629835551515,5750.781095963778,30.960264420087245,322.06509848453834,1.3929011405929421,1477.4588289369583,45.5229601141803,106.02280202926721
2020-09-22,349.94821551103996,182.54418597773713,16.239809745504658,3296.366486626399,153.50797684253882,5722.272834245301,31.612689747958797,319.38232590023335,1.3867136055698313,1480.9637794909518,46.672347655025064,105.17120057778
2020-09-23,349.7590020845028,186.05493589216027,15.967430218426879,3329.8991090038526,153.09263649088047,5603.368566599866,28.542142993294128,318.9729029093311,1.376145725839563,1479.696843031349,48.09751181306332,106.14805898984852
2020-09-24,346.76100916930363,193.30372100314017,16.18846291797595,3421.9915348659833,150.14938514551426,5641.0484512550665,27.794903562729086,315.09156159659506,1.36977039600402,1481.9173887645088,47.93045012761195,107.65267781043893
2020-09-25,349.680632145517,194.12470061899657,16.247384456830854,3508.8311517484453,154.012220525519,5757.209183672754,27.71948614346858,314.23508960813973,1.3583878922532522,1501.9235511640047,48.55815647039859,107.75300507064662
2020-09-28,349.86341438105643,191.54746685953575,16.64070392068758,3560.039709067429,150.64139879756138,5791.023089145106,26.595143658122087,309.64444243110415,1.3589208954685257,1539.1847712299766,49.176320832871234,107.89868359766523
2020-09-29,357.3094694828775,187.0642757199273,16.780495481214015,3607.0996272238535,154.1900493448605,5782.769150282309,25.69125238256963,311.85599538901823,1.3651611448540875,1519.5061908553032,48.15683393765709,108.59271231009639
2020-09-30,358.4748002017802,188.04473636740852,16.46411544233833,3729.070003980923,157.39108570837422,5782.233010885523,26.042496116356585,314.14041325421783,1.3567167176364732,1531.8201316407865,47.71348923747063,108.67814497045335
2020-10-01,359.87753641471994,191.60614392101883,16.208923243864227,3756.4276836254908,159.8770117501136,5762.67092407533,27.390450138171285,316.49188248140337,1.3586020292657188,1530.2125918891568,48.63212919978824,109.66039982225219
2020-10-02,357.95911541631085,193.28090853676034,16.247194633392066,3806.632292349087,158.0657065407336,5769.650135477582,26.10878763025991,316.7007893010619,1.3644925572181128,1543.4026789856212,48.04743976184361,109.9385192896011
2020-10-05,358.0217561433569,193.48619261044362,15.517049305433481,3787.2872290648843,159.0522040525766,5770.036294659046,25.368773772080715,314.32849835838994,1.3646105341146706,1555.5786761659604,49.248373425843134,110.07980739495403
2020-10-06,360.44312876887295,191.88146421174204,16.049989772035314,3694.226398491344,155.69783385391742,5728.816327971661,24.457966473795665,312.1973582986474,1.3538001900257466,1573.5364054732008,50.89683043612662,109.48766797934131
2020-10-07,349.9363065638056,188.76506308209406,16.19727708676114,3650.1856851971193,158.190908617814,5818.572346495942,21.669093928149746,316.653176652738,1.356552630661989,1577.4431759458403,52.38878005211877,108.68456471315012
2020-10-08,341.9565968038826,191.513673962335,16.60466764029098,3653.201904741093,158.05527991988646,5743.51011797675,21.823177474632395,320.89956383092124,1.3563176489957456,1566.5702589552736,55.06352740094212,105.99342681149007
2020-10-09,346.97841478139605,194.5481239801619,16.09279667162777,3661.082758442405,157.02207508456158,5783.074872719588,22.867312273800238,321.3822373615795,1.355392246515684,1578.5550088597633,54.9552520658703,107.06648700594994
2020-10-12,348.4651240244181,190.00452352999667,16.503344599728536,3801.3579970816454,153.850713394443,5780.121755825934,24.05975769374322,320.0222354033148,1.3518265892896897,1580.3618784952396,55.215807615232706,106.9623773344611
2020-10-13,347.73004660774706,195.1142537367951,17.261749492255742,3811.0419777761444,147.56446552239797,5882.208189357078,23.034712579566833,324.1181435194925,1.3525485724305362,1577.7237001252906,55.67692890374533,106.64163206371809
2020-10-14,348.2631114199313,197.13138652602524,16.816751025339077,3901.264230079778,145.0400541974491,5902.641810656075,21.637272760461933,322.2274173655377,1.3561363447760753,1572.0387142189204,55.60960344639438,105.01049754778062
2020-10-15,350.8696307457612,201.81752699376875,17.08333642609313,3873.018567372838,147.86911279138272,5885.90709356122,21.660659646668655,323.0209572483946,1.3725810896658435,1585.0627645372217,56.38540703721691,104.49502051334522
2020-10-16,347.89442518766145,197.7472921909476,17.088841545015097,3854.003016734509,146.91869538687456,5875.149465204468,22.57767034553492,327.106177487081,1.3734895726594067,1605.8463870772775,54.0403118512974,103.8726809996488
2020-10-19,343.46649703194,193.68569705412844,16.574030328656423,3761.6632286455433,146.55499501214797,5879.6113385694025,22.753156942077133,324.7831644945578,1.3840449576541443,1590.8813026753894,54.3341486873694,103.23497940240934
2020-10-20,345.0932903824622,193.4372591974701,16.743241959552815,3712.691091990271,148.25669168197754,5821.777017389627,23.084678619543237,327.3470050476452,1.386661578072638,1599.1364407785513,52.51070230731689,103.53093246605214
2020-10-21,339.4762800953411,195.2142686400737,17.029834489264907,3753.803609618355,152.93936652263105,5784.04762568482,24.440966531454784,329.01581941074346,1.3861102933052034,1594.6984543751785,51.27746722757947,103.65296256709739
2020-10-22,342.39074940893937,201.12760191124957,16.8313672674538,3758.099078218617,156.48601183544488,5694.1493799699765,23.55419303180535,329.03041195439977,1.3872789129712877,1576.4042815413134,52.24131545436402,102.55077619351708
2020-10-23,332.4555350941384,203.63655354487744,17.23362772181743,3829.863255519933,153.98218742885925,5649.304448127602,23.29655157020841,326.23216212148856,1.3789681886018579,1578.5838204331908,51.997506196370836,101.51182809194817
2020-10-26,339.07825572435985,203.07064109688332,16.673611284904254,3846.920369016593,149.03977698709278,5656.343107861337,25.28055754767949,324.24173192982016,1.3812167746530588,1568.4110341221788,52.928191712760714,100.4819285793256
2020-10-27,342.3856311434145,199.98292679618686,16.18738417366782,3825.0682228284013,155.201872440098,5673.913917254909,25.033002837211747,325.2175631583061,1.3676644528657356,1549.0487004382276,52.65265720025914,101.968312667809
2020-10-28,344.3801772276722,204.1820516737786,16.23653795751172,3988.4151383696935,161.36994591082532,5575.963890606391,23.495953609033702,321.2065429879348,1.361914151220236,1539.6992067935123,54.145608120887616,103.21393633432992
2020-10-29,350.94680216544555,201.27592326071405,16.249657597175844,3985.28877757897,161.95252567656382,5571.310431517953,22.722608878558034,321.7133871161128,1.3627986140225212,1527.3968570243546,53.839093416329796,102.53308161156698
2020-10-30,362.0611757011324,206.8165598583814,16.02324319599938,4078.408318085136,158.55553979350003,5601.872863882681,21.681327843743638,323.4131169683266,1.371095837048273,1519.8192159601003,51.28646537277628,100.94468962634768
2020-11-02,369.17539354370524,206.10424030850263,16.289687788000432,4051.4863721577567,161.23771904375198,5595.90327545299,22.07199369780763,326.4241102195914,1.3810767149138912,1504.084365896732,51.59174602969577,101.06835734630943
2020-11-03,357.57177678444765,211.64945138574845,16.468511157169466,4110.588515464061,161.00639249663627,5566.300634187888,21.105046894775626,322.4706981912025,1.3795821869530092,1499.6371778722566,48.88351401280841,101.1265410426745
2020-11-04,349.84973397790395,214.19659799731946,16.7586228741526,4187.896197029884,160.76173950824565,5547.9096876013455,21.393003169062123,326.44402661637434,1.3807948019884817,1491.402875838687,47.15415745735557,101.40353476314374
2020-11-05,346.3524840087568,213.9628384181649,16.72241768448581,4208.725432922121,163.29023338567328,5523.183161379757,20.61998297477183,331.5958045062992,1.3877463344117313,1496.1903569741464,46.13853574039859,102.02714866856718
2020-11-06,346.93125062165836,212.4256417054903,16.93024726059823,4028.623195694708,164.2867803028874,5493.819750585063,18.542988255934596,332.95526280277255,1.3786897909555813,1503.6123214622235,45.00419826302573,102.41698550412693
2020-11-09,350.5994829317102,211.50263979405966,16.785053114951022,4034.0525876699585,161.07252148864555,5504.622481562063,18.82946095533337,329.99110441690146,1.3816208775297547,1507.0462600117826,44.40843860462899,101.52662269609905
2020-11-10,346.4647594191095,213.19144114918538,17.494126021293685,4133.6062767697285,160.24983957327447,5622.3930590905575,18.96975558227402,329.1497170218519,1.3760511262473833,1504.5111983038748,43.27944515030513,101.78608298186214
2020-11-11,348.0488734285263,213.68971879768173,17.217292441175285,4179.419462377271,162.12598115884242,5587.120763028729,19.467254355683643,329.14037746331127,1.3750069275177257,1501.6562107614948,41.797185213117785,102.50422056365862
2020-11-12,343.76078327560015,211.90203486817225,17.963109845129214,4219.190524974453,163.60385415005882,5573.375036319734,18.82309228778344,330.0745409309463,1.3719919378009875,1491.9321719694979,43.45278261727121,101.93261525127548
2020-11-13,340.40588926529256,211.57381942989355,17.98104164291768,4087.4463435490275,164.39996406341496,5573.011210167253,18.103534681714095,330.27192970237655,1.3751192349460917,1482.5566777058189,42.73512911149567,102.19794929151989
2020-11-16,332.29356090588317,212.0731363798792,17.498370162056148,4035.9098381495924,167.09632695752475,5540.857821453536,18.470604980007096,331.2412065956999,1.3790460086784924,1491.2234840825213,40.42919152306951,101.76735411453686
2020-11-17,327.2094871909692,205.19719684264334,17.989159563581943,4071.6468856793313,166.13841487445444,5598.134696937723,19.928114567979428,331.1032002468336,1.3853424362105347,1470.6717842407443,40.078062996235744,103.42624230800737
2020-11-18,319.7278855855602,206.9344636534942,18.039925010377427,4107.624332437704,166.71047940558054,5482.139717027195,19.939245544108292,332.02692793204545,1.3878951926044967,1470.0163056019835,38.97852489379411,102.35468719866931
2020-11-19,314.5378938073914,203.94015701295214,18.355143587907918,4207.730837458326,157.47611672699296,5458.183005673577,20.367065955156043,330.7859081925227,1.389225806775651,1466.5097537936178,38.13706561618574,103.32627482539755
2020-11-20,320.9451095671335,200.43164869921895,18.8156121384132,4200.363379853393,156.3394732681449,5500.729804459285,20.04219493864573,329.9125708740068,1.4023041952450934,1473.8504312673947,38.83202225416264,101.97474618878675
2020-11-23,315.88585509430135,195.3076045335744,18.94890354049413,4237.111123399794,158.4463583779112,5488.384370788706,18.553496688214207,328.33796403974134,1.3917959201601693,1457.4352624709318,38.41090031194712,103.46874823890724
2020-11-24,331.6114019907344,189.9903905564151,18.73139985463433,4242.670088105495,157.46125014158542,5450.167683139522,19.473016595677272,334.18635680682155,1.4037861671214873,1457.8723336092958,37.33108533497324,102.54864026464175
2020-11-25,334.97085554216005,186.11901502511037,19.106250252099777,4168.0191409936915,156.28066595769494,5474.019574631146,20.377889293997246,338.75390471620005,1.401893582744089,1462.1704505879295,37.76122204831131,102.72490577759532
2020-11-26,336.49072309228137,184.2220824218712,19.112271774136833,3997.1470195162833,153.59954082809716,5521.062235033726,21.115115452630473,340.58732257481705,1.4060415428287785,1440.347050802889,38.87421685495829,101.41500434413044
2020-11-27,331.72958693248665,190.27951937750552,19.382057875911663,4034.0468194287564,156.30450370209675,5533.75160258321,20.923896609478888,344.81199540791187,1.4038943329909854,1428.3064879002789,39.41131781146403,100.34569787371649
2020-11-30,336.34106437547194,188.89287791843745,18.570479103497853,4051.4508139149307,157.83180285889733,5496.1893762276695,21.55795067282828,347.4377386853408,1.3991114173518302,1427.5435207800306,37.07764175597599,101.0891882833923
2020-12-01,333.2737541535447,189.6393428119105,18.742858675696493,4008.1497138064733,160.1261553190728,5521.010147596165,22.543184462002483,348.1442551366446,1.4026456722951797,1433.714063928866,36.06920312820714,101.9444929078264
2020-12-02,334.40753487004883,191.06845648733196,18.51055468172791,3890.607942176542,155.5576399638541,5503.26965096374,24.445367101363058,343.59607884462287,1.4101144350802441,1436.095997825251,36.12284951149552,102.16032054968927
2020-12-03,350.59858451303967,191.68028805952432,19.138600906670604,3941.3782805206197,155.1959771843839,5542.51893889967,25.68396888796606,342.9234700168301,1.413594710996768,1442.8379219299065,35.91367457810548,102.78834825409214
2020-12-04,350.4131395085406,191.65362807280857,19.38440801658823,3925.4382384869045,154.52050408827242,5619.251160124441,25.76605891336411,342.0277799741768,1.4099092231454131,1430.718796913562,35.63171997177886,103.67189255164728
2020-12-07,358.16714998257333,188.23007582195396,19.48346558865039,3971.1614867590606,153.84676599891034,5491.207730656928,24.134573971773683,338.69306531615007,1.4357424065126638,1412.9319892374338,34.77738552359351,103.12662661803228
2020-12-08,354.08698425253357,192.86295576447884,19.679793274407057,4118.444485147971,152.30492742961056,5498.898645730922,24.323144167773904,334.32675553525803,1.4445168997577433,1414.1703256260203,33.58661861670157,101.99929753223479
2020-12-09,354.28894476432544,198.73951734438248,19.296496871014295,3958.1959496603604,151.47200769713254,5415.830400145574,24.637192754296205,335.94696285174507,1.4514189320358115,1400.6104690627167,35.326107334722316,102.00851592214934
2020-12-10,366.20277857119544,193.6732518195231,19.939221147625684,3909.8379879453273,153.73722310972076,5538.381542811481,25.526284615309482,337.06434193435314,1.4490045893768657,1391.2263332216112,35.36066517005628,101.55887603239702
2020-12-11,362.528036274092,190.73556887730246,20.755600468188497,3898.211277685806,148.8778734381584,5517.30323753105,27.314106312421927,333.67493312112174,1.4446267759514637,1401.921561034128,35.943673698855235,101.89548810625188
2020-12-14,374.9999478087558,190.0925477868617,20.925622866513223,4011.4769831821714,153.50610520483252,5556.7119429536415,27.184467377119912,331.5751094166711,1.4427511421906403,1404.3248248762034,35.960077796694044,102.36367265993829
2020-12-15,380.2638757629558,187.38745823638385,21.60840704309016,3892.563122831794,154.83586783598574,5557.168435941133,30.195566753647615,335.1926224034488,1.4507183376079091,1398.236047817397,36.012571667808025,101.82734512031001
2020-12-16,376.8853461840084,189.11851675712808,21.370244060021612,4042.442953210293,154.78638366352823,5519.354655398688,27.652904464242035,332.6883248247704,1.4436950259822405,1390.7278237526243,35.96749110041252,102.42302619395551
2020-12-17,381.6577860158763,187.13336342858886,21.03856576799298,4056.945955095438,157.25397554485482,5475.9318699473715,28.23882657794962,333.33343000974463,1.4361483860105704,1397.932831849654,34.98447385824962,102.98101589158746
2020-12-18,388.86426091575106,193.94263765831323,21.06211046293371,4053.6043575689537,153.48164545234513,5556.862099399865,27.13357362827819,332.8977133397675,1.4401719782985833,1400.5855010863515,33.69475282008048,103.59936496665384
2020-12-21,393.71327595805036,197.88997821543435,21.252499975732043,4042.419159686084,151.8177929026131,5607.118890596918,24.665629106361916,334.5520747710639,1.442616556767,1387.3201146254794,34.03188083555791,103.28259386707802
2020-12-22,383.20070023246427,198.78272521830516,21.09202065064744,4013.0611014762862,151.56624476269442,5708.345789967692,24.418035560793342,332.1170868616946,1.4372146223014461,1366.1428365685642,34.20233159689613,103.94981539947685
2020-12-23,378.6720034982941,202.2984688387928,21.326494320102093,4097.8749541557245,155.18800460355365,5713.480357441893,22.702235201353425,332.5194415822526,1.4295374529507057,1387.142305982782,35.02460587748533,104.4040279592095
2020-12-24,377.4413033629132,206.13650236177514,21.4640180526942,4019.5366755583937,155.12742453468204,5730.596544351496,22.519734006290083,333.15799352981657,1.4399961175512763,1373.917161715721,35.68515800628857,104.96109249772736
2020-12-25,377.3885401063525,204.5097031166892,21.046027367542177,4050.051149737837,156.38138548151497,5719.119787113359,22.558917767103306,333.9824543674238,1.4427131020783832,1380.005485466505,34.98159462801162,106.40068792549258
2020-12-28,382.0866307071598,202.07844153387938,21.271915445966766,4024.618239146313,154.88376919134944,5706.644343971625,23.856519269834376,334.3539373235907,1.4330538981514347,1397.0641759112116,35.997044509384004,106.70139538514894
2020-12-29,383.7709855460184,202.55394283753216,21.648977915429395,3970.7282788667417,156.23343618935098,5655.645150094951,22.12433796347396,335.52672429623925,1.4239570237261578,1398.994547356318,36.703147634972325,106.205780545935
2020-12-30,375.10642451407153,205.59175146600026,21.729866056010035,4174.869297277209,160.81656179676204,5662.18737559242,23.152448141038587,342.3479239244091,1.4215276066447189,1392.5690863057546,37.35375930498325,105.2875208669048
2020-12-31,378.1357831233394,206.27647483758267,22.243294497724957,4212.452483492194,163.6268125198394,5624.359417783964,23.26626712530011,350.47144062713033,1.4268886173574846,1377.0477726139086,39.5263179417404,106.26313153773437
2021-01-01,382.7736755829632,201.35820494073795,21.71476657467705,4266.087202329948,163.46576003433137,5649.032212266026,24.49446090227911,348.6003984487036,1.4312831158292758,1361.547374187784,41.611047466583805,106.58863073429984
2021-01-04,387.11434604617745,199.00704876117243,21.92552591287641,4363.6759935040955,165.4198676302453,5659.945892797398,23.97135192623703,341.53907333488013,1.4395487816884018,1365.9298245788427,42.34767586095128,108.0438354342313
2021-01-05,395.19296723893183,198.99041926929067,21.424731037874512,4251.658622632558,167.11875747400325,5676.889565243336,22.426587977953503,343.5118287302572,1.4290043876798184,1382.154063081401,42.96318002638957,106.32501804938497
2021-01-06,401.65148869012086,198.96840226333157,20.958918997629493,4399.991975731806,168.63163690348088,5765.429431946994,21.10209346619388,344.22579370601244,1.430747740188784,1378.0638746994473,44.154058583275585,107.12388276500313
2021-01-07,405.4712660390994,205.57413113756817,20.70231783912667,4199.36167179933,171.91838868854308,5765.778472685638,19.782186860995537,347.6677199260101,1.441128885187846,1372.2253444085006,43.52719894158841,106.921706204977
2021-01-08,405.44572912511,201.28682829004256,20.322008538743706,4142.6097724207175,175.2469287516871,5807.503114322794,20.260488030983026,348.6997263588436,1.4509097350219657,1380.1795642679574,42.924393366761194,106.64106694769171
2021-01-11,393.97589643504557,203.14506406484526,20.10652816899743,4110.745369820292,174.93846869877464,5918.093227697309,21.81327409744689,349.02327285952964,1.453661161459981,1372.9010170261042,43.66626384040948,106.01177981154073
2021-01-12,397.5111002295047,208.2722534983467,20.02660301920128,4160.590915527013,176.9285977609542,5990.493887438654,21.205723289053005,352.72854393548954,1.4709749402452077,1376.1942436188222,42.75404912336617,106.79881023541314
2021-01-13,399.4790156042596,216.21846980261424,20.370843338204494,4182.096844688063,175.85040025703094,6055.411820624236,21.883389454100694,356.92218507701375,1.4756105423920156,1376.9298943400381,43.40536905378902,107.34576528057529
2021-01-14,401.91863042329186,215.06041142462524,20.246490089170027,4173.033703625746,173.18171246217182,6041.136726964312,20.278389730359557,352.63684106343356,1.4834724125097514,1372.701316180381,43.58896179815375,106.39047152534047
2021-01-15,393.2589032593365,216.99663429808493,19.62038222735631,4176.256740196473,172.45908336657573,6056.057322932623,20.46204765025388,350.1947025590513,1.4839505230864287,1372.805226368705,42.67866710250352,106.55224103888366
2021-01-18,386.14353943292986,219.2248705088424,20.078915660493603,4103.469728953554,172.30450369607655,5987.024205469046,21.15761667183311,350.0020306074206,1.4783150026953418,1392.5846400158173,42.71908853689126,107.17728212610871
2021-01-19,394.0059124944734,220.15365110605092,19.75148127344337,3992.3717412947767,167.57255221985764,6016.3738332261055,19.67981966515795,350.45240124645494,1.472007155668958,1399.6157536919047,44.14911574752912,107.35148848200701
2021-01-20,394.19823715275714,220.04766752993746,19.734217958193998,4051.9133291269013,170.10945087791657,6033.666482341922,19.480219279080366,349.8802825056865,1.4734917990543146,1412.184425828855,44.2533980124393,108.32880711594565
2021-01-21,399.5428167466292,221.83188044915917,19.917222532156927,4109.7804666579,162.35698572044038,6037.350955856134,20.190161106280733,351.39077054223594,1.4720815911231986,1402.1239426081872,44.36255913370112,108.09935997685473
2021-01-22,400.22651169509106,213.25824781009777,20.00289513217404,4239.6257793905415,170.0936919517186,6095.8614211046115,17.435474226463175,354.6969821941316,1.4592673857122724,1414.7540192936715,44.74235011291392,106.18851336834206
2021-01-25,400.92175219437314,215.83559296415925,20.45158960240596,4180.641404976234,174.56224093744626,6032.370866361158,18.639435650254836,360.38331939967804,1.451947198756374,1422.289421310927,45.27251864544685,106.36852155313957
2021-01-26,408.24006055542833,216.50980186942792,20.654654086506724,4240.275187827546,173.85892792601095,6124.235165078379,18.971986592576656,362.41083017180364,1.4497824828880963,1405.6095794344092,44.91308529861362,106.54364242378297
2021-01-27,404.9512056536415,215.97792908317535,20.307991568641267,4221.699373323467,173.9563593555326,6176.61112749369,19.66420314751236,359.78529659843485,1.455209578210578,1411.9749511386115,45.321689305927734,106.83057637524506
2021-01-28,406.1395232800812,223.41388044953658,21.218760622780955,4322.598676157926,174.92459254318584,6175.155435886639,19.262571639290694,359.45215086162796,1.4552381450832796,1406.4702625227646,44.16174654359711,107.80240995075647
2021-01-29,403.25769479460024,221.2574759947144,21.30778277888857,4411.761573900332,173.25062658409786,6169.36236217392,17.672818754770628,359.3521759009063,1.4548593652620296,1389.4622147585271,43.301279105683484,106.15287880663496
2021-02-01,400.5965722581119,220.0770819087364,21.251459813674394,4433.93316662244,173.8884114917623,6198.5846804660505,18.151095980412045,361.164907373818,1.4478427306562438,1391.1837205825277,42.59357615483293,105.97173859365257
2021-02-02,398.85173982562327,227.4527922201818,21.67163144483885,4409.829229204253,173.53265251241749,6286.526231639589,18.07629528586761,362.57384846817854,1.4481552528570707,1397.475399970799,43.10967779271053,105.21345370520709
2021-02-03,400.93053238110434,224.69180984890517,21.786556766741164,4495.575435677631,173.3240813066306,6294.795111836857,18.10534502604817,369.4745064623601,1.4578839166066706,1399.4512388894386,43.29570053812893,104.22238525544668
2021-02-04,397.9676422707954,222.96791556737787,21.967798605721278,4555.725814152057,173.92914132096885,6305.481896358073,19.117182715373318,368.09023985357635,1.459164319206753,1398.5095730723033,43.1634618093254,104.1829557993753
2021-02-05,407.5543554579795,222.68884383148128,23.09743012491874,4501.364148139125,170.1563992858762,6309.033300454703,19.859664057443112,369.5148318492813,1.448353392576515,1395.0948365768113,43.92851245293284,104.79050013371996
2021-02-08,401.52563522253274,225.95304894724288,22.977579422331562,4393.614865685946,170.3390214864036,6413.599646537278,21.86205780145968,377.5803079990311,1.4394623932542394,1423.181844178359,44.35986626553174,105.06410556365422
2021-02-09,400.6577975877135,226.9550703202172,22.838865567708762,4373.966200940873,170.8813245205717,6394.8995844387155,22.03088483996979,375.7471412221928,1.4438507122363096,1410.063226872501,44.05265963614112,104.50872007926955
2021-02-10,397.97633006950826,222.5540657518972,22.89904679749407,4506.239795156693,171.32455678394797,6395.759318887618,21.282490732960515,376.38884026954753,1.4423764601736944,1420.2287085414005,42.94005001239107,104.40804593916725
2021-02-11,408.968498889725,220.90999745240302,23.40209630048461,4610.085085057696,170.76539025193225,6483.14728905807,21.0829332189161,373.35093960617826,1.441982887683869,1420.6880617210065,42.081669291746884,105.20869115350914
2021-02-12,410.91078352782546,219.01444713429487,22.71430547738522,4518.192802974338,174.17041384303656,6494.328013933484,21.52568836573311,373.7763471492417,1.437715651462522,1411.2919658818696,40.57864733251074,105.80639336501018
2021-02-15,419.11666626353093,218.9847646452952,21.84525652745421,4423.471082346468,173.1956908837354,6563.754112075813,22.647282245692033,371.3093942868808,1.4414831688719958,1411.027807469574,40.73371953493952,105.36060359214588
2021-02-16,408.5479279987276,220.72457517481456,21.596721051513263,4536.4451275415795,173.9358680433342,6512.746078555099,21.045529410104265,374.9740674315333,1.4394598993578398,1395.6704640567743,39.87712174841177,104.86237910364572
2021-02-17,411.0094220813981,222.45102170342403,20.908651920857142,4444.052172053399,177.88561206821223,6503.324835294965,21.05451525947818,375.6217825997558,1.438261233454227,1389.3152445685923,39.39818286770559,103.45295227668717
2021-02-18,418.1455147378344,216.45675080119813,20.737971956610203,4491.753781664887,177.71680861097647,6593.428463062534,22.818968038630036,372.6218746047073,1.4322960561252345,1389.0714764106765,39.28449564228667,103.11879274861624
2021-02-19,419.2681138488194,220.41537137670664,20.953724432746586,4443.924443198368,178.43728519772318,6556.03767919832,22.546541368506325,375.6017001199672,1.439055861423398,1372.215497170605,40.33541260939366,101.71709078015527
2021-02-22,427.8998838090377,221.5514670703581,20.589915776289555,4587.162876267351,178.21642049652903,6549.735825124979,23.620908443617694,376.3600511646895,1.4376093822677833,1378.0612845984535,41.29533637367891,103.4338106362447
2021-02-23,424.4431437444474,226.76345647838178,20.016659443103382,4525.027488927649,182.0777773246366,6567.51077919589,24.210541734352063,379.75322621925693,1.4421297074024497,1367.7506878378717,41.2512683866589,102.74918814863913
2021-02-24,435.8709937652305,228.63220151705767,20.050450898735367,4629.030824888374,181.35430900904544,6511.907950324474,25.395733246596876,376.00132729673714,1.433692130990302,1352.2282525135508,42.58999848274534,103.68555390832034
2021-02-25,454.83125404543273,232.95278016544538,20.405459996104298,4649.965664230878,185.42855395850214,6490.296414312517,24.38804737058635,377.40243808885197,1.4463200621231898,1340.8589918888722,40.51250677003492,105.2257085837842
2021-02-26,452.41295764625386,234.95652517547825,19.731237565616773,4676.975020314168,185.17635842763846,6499.478430865266,23.425450672959478,380.1903956366167,1.4557326487304594,1364.6774230553906,42.47183920302075,105.42894932152096
2021-03-01,449.3384277482966,240.3365204769993,20.063609290555416,4509.632545608323,182.56346107334392,6504.811071001446,23.449206620823844,378.89600374517113,1.442042230058053,1343.5207147728743,43.226500392150555,105.36569890827
2021-03-02,461.80247716019505,242.61992398938767,20.40038585592761,4329.102826008642,184.75806055192447,6582.833238830787,21.719827915109242,374.7768366032561,1.4364153026875741,1348.486095122556,43.350742205091706,104.27777205285756
2021-03-03,475.69151179513534,242.50673328331862,20.7996366378528,4315.311742433521,183.87714331297417,6677.46450800149,21.428858504474007,374.7864057306138,1.4399938010729805,1340.6699638093755,42.408119107293025,103.87844555358862
2021-03-04,471.8013739815322,251.7630661734605,21.319137031206104,4339.941129327959,185.90138603276407,6628.864927002461,21.701521530525604,379.1035234092242,1.4306661364432796,1337.1873783278438,41.95879847600993,105.241019467695
2021-03-05,468.808662665172,255.65094694634539,22.28570407478307,4252.393600950794,177.5436467646715,6638.161241314424,23.727012215719565,383.1178673923738,1.4298680897353164,1343.9323205069368,42.615665504382356,105.55827438269648
2021-03-08,466.99688785000023,258.29257042422097,22.134191929091763,4169.50302404924,177.63039614977848,6681.237590487075,24.20961975015743,381.7961523887816,1.4330647804591923,1350.180697895369,43.30741663051922,105.60333475533908
2021-03-09,456.37848869877934,253.3500338835408,22.189406507450727,4218.437630640606,176.31843946245522,6775.752058960142,24.978400915508495,377.56361262457557,1.4318849518823,1343.1167720657902,44.05036944858921,106.73903557255889
2021-03-10,449.4329824638684,248.45435430731098,22.011966162695582,4268.058606355358,173.22932204231893,6822.437265307985,26.475910462367604,376.2517424969345,1.4358915104761738,1328.8717452609583,43.26834568016094,107.35673488138814
2021-03-11,441.91263999688,249.89544028070256,22.019441306313585,4261.162390884541,171.67637788929196,6843.059992416667,25.229208757015602,374.8185898111182,1.4310654953164565,1335.7693235180989,42.28680624050878,107.2512566520478
2021-03-12,436.37058996416306,250.7536368594974,22.711768493509844,4329.126620833241,170.07818229295637,6886.9883274622325,25.02182059167878,376.4782096489311,1.4152389141012336,1341.9535369582754,42.50642577890781,107.45845647279683
2021-03-15,436.62186862633644,248.57508917798867,22.11559324248821,4237.849613038578,170.00748553829152,6931.649453127856,28.247893754115548,376.27307983671534,1.4223478721484324,1339.1655011658443,43.34544437188475,106.82156238736621
2021-03-16,438.9929687876578,249.4106395238944,21.744523720389484,4213.498121622998,166.16776637516628,6876.76523860774,28.136362707609415,373.8803319010698,1.4294475065490417,1344.1773828958865,43.36190234682322,106.36445760006993
2021-03-17,451.9594237728306,256.1129924003464,22.358477633318657,4351.858019999075,167.13043794481334,6891.464119873737,29.75164200031233,377.7656937560817,1.4475988145077228,1339.6596362039036,45.01151453765194,106.21029957872817
2021-03-18,444.4430977306751,259.26356331631183,22.82613820267611,4361.870614660086,171.12601662609865,6985.356369440252,31.22038408727816,378.3947558927023,1.4318542192851436,1331.0914946637126,45.062335844958625,106.70636987572914
2021-03-19,452.93101803893865,254.85353997165458,22.66776018484203,4376.72594262719,172.0140240868392,6975.121868465565,28.996221601529793,380.03247869640785,1.437383463779242,1331.3999408990933,45.07505801259929,105.66798396458971
2021-03-22,451.7315270369756,254.67924378465847,23.06535478408083,4577.321164016462,174.4658141909756,6986.046618673319,29.44986999763015,374.3277873806135,1.42344645363673,1337.2071702987007,45.85081875945943,105.75360152460314
2021-03-23,451.87142882112573,251.6968588119059,23.23026642368382,4461.684686769871,177.81370070836994,6973.604049976553,29.666749386115875,366.3955423234967,1.4361464892644757,1340.7876501275957,47.28408688177593,105.44536769499791
2021-03-24,457.94287108739564,250.41567159555328,23.945047268696282,4534.245078615886,181.66361336171695,6832.614767784241,30.160249291781124,361.83038581303776,1.4397979793302191,1346.5294995133618,45.72944622068665,104.70904913166605
2021-03-25,449.3200519214097,249.03772047964873,23.98795189009396,4684.5710037017625,187.60694505738707,6836.615147052737,29.044210954327596,360.4130243635662,1.4331046393735198,1338.6289390369864,44.4823346026801,104.4083455939034
2021-03-26,452.96679372467713,247.413751760271,24.4924361668194,4660.403548821722,186.0959912313932,6857.952137795659,27.46666833981871,362.4323614833438,1.4388501386070425,1355.948160858339,44.14857274815842,102.50774787930415
2021-03-29,454.8714991024749,242.76159654570597,25.82917275846133,4741.886383774944,183.91034707883367,6829.124182991327,26.82066598396173,355.0141493622926,1.4350203850354415,1352.5097120002306,47.790847382375325,101.90873678806028
2021-03-30,459.4724953666268,242.53290761695203,26.14783938796726,4658.8873677829015,186.4507838611093,6761.229159983804,26.68983975082144,360.28425410453576,1.4373212457981397,1351.4939189976133,47.49371705395966,101.0364942049173
2021-03-31,462.4248780168847,240.63173168742298,26.181501888739785,4603.094256596376,188.78481783828954,6710.538786347825,28.31897803070009,360.9821130834309,1.4389460541730825,1337.5791023774723,47.36354576719083,100.83065757440376
2021-04-01,483.9006032154286,229.86599333604275,26.57051298022164,4641.525592754936,191.36724231260715,6759.554140505923,31.01272867635501,365.5748564382097,1.4516949132297403,1335.7734651895082,48.11585046925864,99.02814804555891
2021-04-02,478.9519123666315,237.80334577200944,26.385020641228493,4717.202204326872,197.69236657969589,6883.378932482173,33.255747688846114,362.8165494317057,1.4650749609152913,1341.741504835126,49.32025639994481,99.19933150059802
2021-04-05,474.96554067817095,242.24857497901925,27.684032509268654,4823.566847596029,197.80968997722357,6972.3446184484665,34.717256733001655,364.61137942278697,1.460852372511028,1350.2212738161988,49.5449087076927,99.94366344959934
2021-04-06,470.2317818359816,241.0594435268972,27.79225053300812,4974.55842270902,199.3276729415817,6891.249658149825,33.01691026231683,365.0370429004744,1.4687484010220189,1367.4723167922818,51.023595993747925,99.86989518661296
2021-04-07,466.11255432234026,241.39742979110386,27.64924875025223,4973.158358116367,196.11151823011963,6947.237420557673,32.34873943282533,367.8804468326712,1.471503711613778,1373.450093493877,49.53794356962996,100.28926153168464
2021-04-08,461.3487061576199,237.17498260915633,27.199124288992326,5092.321139434982,203.4426052660054,6908.65950676384,32.69006981102147,367.25406742155,1.4612926207286887,1376.7714045257458,48.61279180203285,99.89871086253316
2021-04-09,471.89498296420595,243.9662163192282,27.810932015270158,5064.371049252703,202.36290874623126,6875.2996094912605,31.672519253169217,368.9690728899826,1.45636012644848,1372.1389988510973,50.0613311049814,98.68370260630927
2021-04-12,484.69777073543855,251.76254892157172,28.30597546728746,5157.075674261332,201.3859049853301,6849.512225508044,32.59991519546334,372.7964592665078,1.4736185715499517,1365.167200060261,50.09005341307797,98.70477684352153
2021-04-13,480.31978954374694,252.67232135764482,28.03421818794529,5182.626510922043,200.28237474393075,6895.934563966506,33.79571409128196,370.76631982045416,1.4764052694502745,1376.0800313519353,48.54839757779214,99.26334509146106
2021-04-14,473.7452405296222,257.12695906884016,28.36780482193904,5231.928020135368,198.17788073058122,6958.509678185424,34.71418855812264,371.72420560770337,1.4839525341891966,1386.867300436289,46.98355938964886,98.23683677053126
2021-04-15,478.35598317295836,258.1328966348117,27.53295772246733,5279.474182161739,195.81387389803697,6955.15453975484,36.53991503809938,365.60789588376656,1.482528294871212,1375.2442632572597,46.0544420802894,97.89147300101794
2021-04-16,474.1933619849308,252.9487625152774,27.643293842955018,5126.058861782052,194.15593255686474,6952.862243612661,34.92404865397754,368.0739847854502,1.4786791573575924,1383.4994579434444,46.07070855135851,97.71768104162707
2021-04-19,480.2025278375804,251.56408660940767,27.90311379813043,5022.756042706638,189.77574422214116,6984.768027741447,36.59154124935666,374.7562919115962,1.479028643863344,1390.9948324915033,46.62616424055114,99.99235935588973
2021-04-20,482.53842855614675,252.37311866422576,28.881027292409833,5037.586422209861,187.33391699517009,7023.374025286931,35.3406842205958,370.7307292932596,1.477209788426697,1378.9312283423892,46.25804283432845,100.19123864805591
2021-04-21,470.11491659590996,250.82007729880033,28.447733986065185,4883.5322530881795,193.7221759165011,7100.958424587282,33.716523546704735,370.5741540865431,1.4663682500180042,1385.1831668569655,46.71943885745613,98.69518465454684
2021-04-22,483.97452054919455,250.21921812677655,27.737948451583627,4966.233925269276,196.23858457300116,7022.156864733285,34.62561883580833,373.67181134338745,1.4591763582799573,1373.876092575138,46.22559576323282,97.0293345028901
2021-04-23,500.47520644370496,250.12855688213185,27.25379824707209,5054.2089656918615,199.4316474240582,7026.232625932194,36.79594007250647,373.927025600667,1.4644965930738143,1347.7030055401278,47.67616896137155,97.61755470069066
2021-04-26,495.5795389665603,250.08002265277074,26.542879685157043,5090.813267025544,203.5443887394437,6961.802656705042,37.70482948466038,374.6328784421772,1.4618578218128606,1346.247168998065,50.832081097517246,99.59755307712894
2021-04-27,492.7240275426936,250.5646805798808,27.270203895854586,4988.503918953436,210.07495490954014,6961.395538828571,37.74407049884382,373.4662207228927,1.4621919301838036,1349.2965252788595,50.35069158526371,99.39380630569735
2021-04-28,495.8605869302971,246.61968472082086,28.136494198756864,5126.1694727969725,203.92457840859302,6950.018942485366,38.33395595181751,372.17872795065335,1.4640568505955924,1348.324617690444,50.9737439117549,99.14299918743826
2021-04-29,499.4537667264193,244.07490201442462,28.325764340722223,5333.809393993154,199.78508201553936,6949.874765246278,38.596339010604616,372.0372348665064,1.4664969027082346,1379.8842962361455,51.49944060131688,99.5051535789308
2021-04-30,506.0162743951883,239.37271289500006,29.034874897389162,5354.086765405887,197.15276727225532,6902.7919074453375,36.48349194790288,372.32569141509015,1.4750758212528807,1384.3496494594328,51.69382478533833,98.89147792582273
2021-05-03,525.2910622774873,243.41476841325877,29.121503632979778,5411.684016428412,195.6629409944519,6813.734440799946,34.28571776047676,368.53512075788376,1.4671414468515473,1386.2573985091253,52.56074796639493,96.91844283839829
2021-05-04,524.2493674547303,235.6096718969882,29.07488155987332,5437.9021772673395,194.7435978301841,6689.174063534828,34.15085361189171,368.46355896991565,1.4714777636853127,1391.3080212794669,53.20966934911719,97.74557648297233
2021-05-05,517.3906056823955,240.26295000943662,28.890530365468877,5498.472750255507,193.34674671515262,6683.95438875016,34.28748515985829,373.851485894181,1.4771910071640373,1386.6819055534709,52.60250779168902,97.28671928628363
2021-05-06,505.3091229735438,245.92227703009183,28.72035349944282,5491.4852459178765,194.14658053846588,6660.7412476974105,34.30691860277204,372.59290565228537,1.4846388961588728,1397.3109052969405,54.378966809744966,98.12708559712964
2021-05-07,499.30324969365216,245.00549762696755,27.85326017481833,5493.370683511628,194.3408284307146,6622.992703617597,35.48649221368701,368.6144043538439,1.4743349210433105,1401.6324922575595,54.67021774290204,97.55102125416272
2021-05-10,499.60477730866995,235.2692154674135,28.009258513819162,5594.31369012259,192.04414619065918,6704.978257468634,35.10621875344205,368.2596935975242,1.4763621914093872,1405.4520528309865,54.16305777892367,97.66563616355938
2021-05-11,516.6260896584788,234.17050109531792,27.99507042771267,5855.126067755992,185.1453041197845,6655.977547980958,36.108462145664085,366.04521466306284,1.489233358342042,1398.7318924548408,57.59173963818021,98.35549593304299
2021-05-12,512.44960713341,234.18760867601662,28.424051000808642,5707.129455919235,182.11933817856394,6744.091829309394,35.848363159517675,361.80731339525653,1.4886443302779526,1381.6126342080474,57.44188918611466,99.22115347715845
2021-05-13,515.1358033683812,230.68495975251182,28.48581154922049,5701.582328463901,180.4989786608316,6846.115634318003,39.270195858914214,362.40570011153875,1.492396674176395,1376.3572067038183,57.82651514168787,99.42614841524602
2021-05-14,515.6018966735029,229.04293493730145,28.401786522239263,5580.70430845765,179.81432108381404,6729.65127990597,39.42899827460492,360.2404641702781,1.4983811797357987,1379.7486909342078,58.09812657953881,99.59192174882178
2021-05-17,527.3824666867937,234.97816571379641,27.91957870174219,5757.846087635341,176.46462337260073,6737.943500061495,44.324504494678266,358.3640384763137,1.4908671978090462,1375.1238210389051,57.927142279159064,100.10690888835494
2021-05-18,552.5869586459,237.75278909554316,27.968286773161783,5699.602526622967,175.06839255996374,6716.434888834069,45.111547350013964,359.00279839037375,1.5047504737040058,1378.6125516530599,58.59812332690105,100.49943042581579
2021-05-19,547.9889783846256,234.5194218249929,28.392811520535638,5550.986308185291,171.80324997981356,6545.32631826564,44.63214744056592,354.2247547377431,1.5086641497497377,1376.3274740396746,57.39043622789059,99.48656558524723
2021-05-20,543.8346586450073,228.8523006234502,27.759252771752752,5624.326334337403,171.50475593538633,6463.361150912554,42.66939827177306,348.8553914561038,1.5127392864202176,1381.3528387795764,58.270225896489634,98.49895677157673
2021-05-21,554.8180155862096,227.90857072609458,27.816203007480677,5819.6672659729375,168.47181150748503,6511.200901257494,39.699459242076195,351.10851490417974,1.5003703346720103,1370.8743444782301,55.780949660273315,96.87034976991453
2021-05-24,562.3442500535643,227.38150248023575,27.954538116150058,5899.404707673051,166.12442667857667,6633.262089455593,37.779455601709024,345.19788508391736,1.5064933892214638,1373.2660269852527,54.016019683595964,97.48568514049705
2021-05-25,582.0491758836313,229.44616377268247,27.56421176866193,5928.33032027474,162.53436163896842,6690.046374342527,36.153911215404854,342.3137565455494,1.510463780563507,1366.5157209333356,56.55557466236686,97.19698670060929
2021-05-26,588.9054509971223,227.73971001600933,27.25020734758349,5980.572421365314,162.17563649467294,6712.24518775438,36.874716918223754,336.9481892632452,1.5229324196549385,1350.072057980474,54.823518762749295,97.85641859165126
2021-05-27,585.8116892374533,229.86388911128847,27.384395589749236,6149.668996184999,159.86829367905864,6713.641537467279,35.91725674527501,335.611402096192,1.5207161476660735,1348.559160971494,52.2176366710991,98.19261143044959
2021-05-28,592.7840547715982,237.35331507148075,26.778649960831974,6054.419325953,162.41676323248655,6818.8134314196295,36.25452575462797,337.04163812988526,1.513376250030907,1365.5090300573283,50.6497806943518,97.42779690112893
2021-05-31,605.4589950628928,240.73526115781124,26.97480820671078,6047.611359699313,163.60665450653872,6954.713463365234,38.65449776880895,337.51755357078554,1.5083734533866722,1349.9379975451009,52.917618301321134,97.35360666769611
2021-06-01,615.2049837444073,240.81485751106027,26.504017190754887,6001.8170478058355,163.47786796562508,6920.846174856295,38.48516038511356,344.99998723981037,1.5047202430197877,1351.4982632155577,50.61458566894923,97.01942373810351
2021-06-02,621.5935681392149,240.37447134691843,27.08156904505092,5875.979819098828,161.34103646543997,6800.105744444509,42.70135092712608,348.53080541751297,1.4964756296721642,1360.4212822771583,49.43429600954696,96.56703354638866
2021-06-03,634.4043937589032,239.26966814931455,28.38639390102158,5845.275300081802,162.45307791579123,6675.5692099221105,40.263284872643816,345.7604519761831,1.5063109217493162,1385.9622498574258,47.678931963435176,97.29617859318766
2021-06-04,648.6763595680889,244.1008572014157,27.910272369252112,5975.575401804178,164.4375929243299,6758.165006576784,39.96127383144366,342.1922470172611,1.5164954574549834,1380.7836492639683,47.367502508527885,99.29007949761461
2021-06-07,665.8156155047071,241.92904336789184,28.21853308250787,6046.295893645095,164.90290182796588,6758.00600999807,38.898091384523205,350.77075708608453,1.5151631065001776,1374.0948108443786,46.868034224094316,100.20071164188536
2021-06-08,674.4446129693222,242.37061880124614,27.819692284575076,6126.892786501561,169.52828032100166,6771.868560351675,40.76282503914298,354.28300554342775,1.5123417761065185,1361.6016047020792,46.32199755118777,100.19914341894592
2021-06-09,673.2262343255477,242.8362149918739,28.413466603689706,6150.114943728918,170.9264920214993,6666.274751383069,36.44414933646236,356.30972651155076,1.4988256253646897,1374.3567288086244,48.53670434525638,101.23410459225764
2021-06-10,675.8169649685678,241.1595280519764,27.71179239371604,6217.786178571864,173.67138394733522,6623.887913377775,33.90712499280035,356.69248970401304,1.5042007459507964,1365.125646914953,47.11744993749764,102.65141449782939
2021-06-11,691.48360320248,236.18117657816825,27.987830087344143,6130.048777217686,174.1358127190042,6608.939275708265,33.7256214180142,357.71469642378577,1.5168394969965677,1361.3565991736355,47.01133415689043,101.53463348937417
2021-06-14,682.2080000933124,237.66611246988933,27.51166225063415,6100.202816393272,176.21799267034427,6623.962221398294,36.44581780490394,353.11616136839416,1.5121657855582773,1341.6365824728864,47.42520109422226,102.55495436116823
2021-06-15,687.5748637768204,237.69556978960884,27.40622849328412,6128.623048761419,173.9167162478455,6602.883089721562,36.85969972009951,353.7570663713545,1.5114341913477982,1351.428219627971,46.291044752779264,103.2090198799472
2021-06-16,683.5437191467871,239.8693940795697,26.85494027385201,6167.187510654652,172.63573043953383,6544.142990187098,34.45111742240759,354.12554846655365,1.514871251675247,1364.2816685021128,46.871662138780366,104.21553469990116
2021-06-17,684.7186504156107,238.09195842382113,27.30846722185151,6211.028301747528,173.73357552245983,6500.696641064035,32.44943732879342,351.39616329596817,1.5281418875241701,1373.8187080523746,46.41942489871091,104.91678406959959
2021-06-18,701.4994798758055,243.05557472375617,26.863196814015478,6200.922677448859,174.81681282334765,6574.406161093583,35.28057709262254,349.83706561331473,1.529822056760555,1356.5593957587446,46.86990281072495,104.74676457433631
2021-06-21,704.7618478820285,239.93348503909885,27.1695398367212,6162.774335535114,176.4024518382833,6591.542038355263,34.201717036901115,354.7822094891982,1.531470791754363,1363.4371757546714,46.757550796296485,106.4854798438654
2021-06-22,706.1981043452039,246.8681488567301,26.991298230037625,6550.390784861196,179.80532214389962,6630.609490244783,32.626592605417585,354.5245274837355,1.532997804846792,1345.5831440526943,44.43433477847428,106.79652891786105
2021-06-23,689.9494876795125,240.3250061750946,26.93765384002053,6670.892558650962,175.57217501902548,6579.816548765054,35.12792183028511,361.33954142675515,1.5222659866235058,1346.4773420835838,45.922947801382556,106.44738324886141
2021-06-24,700.1194426458043,242.26896162743049,27.02548195379261,6730.1906383659825,172.75674706902586,6409.764004300764,36.9494646301492,355.8651828707393,1.5114448568224133,1348.9579783253319,48.37709230104357,106.90051474105341
2021-06-25,709.1518426282764,244.3875809590849,26.624815743159427,6707.139180571663,173.50167501802147,6382.210525453608,39.37984512689256,354.33854135443204,1.5055015165914982,1352.5800169514437,48.17824388934621,107.75690391598233
2021-06-28,738.1951740499944,241.56207961668048,26.745093764083315,6656.536809478144,171.44680985494642,6335.161962225359,37.55295410687822,349.5781985425756,1.5132967198740592,1358.6492185277937,47.12288415868393,107.86019405058808
2021-06-29,734.9983430741368,243.47561688643552,27.584602513894396,6646.657783953615,181.6524292792596,6357.635236937351,34.79580259269418,345.9320880925166,1.510912456001993,1358.833642093647,48.94557978567694,108.22160035381678
2021-06-30,738.7894370546293,248.78500760694672,27.166805483892286,6690.428262928263,183.3253357655714,6551.0674349806395,35.02825735731941,343.50052060564184,1.5070675210434665,1337.934864894719,51.329654052344715,108.31979501167503
2021-07-01,743.0043186081999,240.37975824528223,27.819356190676626,6462.069432864322,183.15462493533906,6594.820035004791,35.620146669701,344.6145044502364,1.5031003132492982,1343.9435606373818,51.12884153464605,107.77086046668168
2021-07-02,765.3215070031048,242.58785070581,28.674091989589307,6278.500699302078,181.62929394642694,6761.928558828978,36.275460219860605,345.5812733085566,1.502216322839232,1345.2624347244453,50.86533937016624,107.08604982075809
2021-07-05,764.9272234430266,233.35749303639219,28.21830546054061,6209.189948973188,180.22480793987913,6799.350319672945,39.058115673632834,343.6123857822663,1.515207064466247,1335.850482351325,50.77905461129925,105.91217202956773
2021-07-06,769.7017360376087,230.03257877577013,27.417179474925163,6239.912087474044,180.3893185138903,6763.61892169019,35.81483983122109,336.926242206154,1.5142134343778144,1319.447350511235,48.71174817044279,107.22767151974699
2021-07-07,779.1045295828189,236.36745517299414,27.591535007639365,6217.823363454072,180.80535912889195,6787.545134975379,37.38789842391556,341.57363444509605,1.5084228456148987,1336.0709133520957,48.37301367675587,107.05759997991423
2021-07-08,782.6645480868347,234.43517139203973,27.299294861360433,6401.319924062751,179.47881941151488,6899.956328314308,35.393062568717724,340.8325816960277,1.5087641319205818,1349.566671525178,50.50718668499276,104.18273310013593
2021-07-09,777.33265047608,230.32630378645337,28.34733258363304,6229.765354484185,178.71879896039974,7017.3183646534035,36.94028146804127,337.5605097602427,1.522214645468759,1357.4815969058668,50.30972609939849,104.53465790474152
2021-07-12,780.9897302088876,229.85071016887397,28.37558487138087,6147.60825383396,182.92321101627377,6983.869336662404,36.07336419660776,338.5321817424214,1.5185442633376005,1350.426970427785,49.033196927432556,104.87039850677935
2021-07-13,797.1854778361037,237.8443607588454,27.93233838850662,6334.081704840559,187.35459237426417,7002.601778695252,34.6347034511132,339.2913459907385,1.5097546126156034,1323.771490575176,49.66074080542504,103.33671627123029
2021-07-14,783.5305841470599,231.2292395418976,27.306968046340042,6356.234324196253,188.23432849925356,6915.86716518708,33.5944553489165,338.4427934086191,1.506128081247837,1332.1608003598424,48.85392520953792,102.67139790328571
2021-07-15,786.3512302602729,227.62251907733034,27.91711687010252,6470.465954920873,184.0644926091604,6970.175322810378,31.251910925712544,339.0311045279146,1.5072487841999913,1336.3416654263171,48.78746545630566,101.9745491937004
2021-07-16,777.4360390535613,233.39855896968473,27.60829660316866,6734.353509699585,185.83157508038622,7071.131932258168,31.3151489016116,335.6592768203976,1.5125957224742625,1332.608742410842,47.27833727915312,101.39108041251697
2021-07-19,795.2942843140626,240.70467888298668,27.640798979062932,6652.811396137717,190.88354970016093,7076.495262717519,30.128401593234997,338.0980032725196,1.5203819928950264,1344.923228166669,46.082653571615154,102.40006320156694
2021-07-20,774.7147141587986,240.57114900695262,28.182718191746414,6646.913152103439,195.45884258715918,7036.932207833609,31.33648936483986,335.2122791054315,1.5126045432376343,1354.3490219253044,46.95445466940225,102.29863291959647
2021-07-21,767.8806040383349,236.10840444292486,27.91945598617334,6619.212784355136,197.99367245958751,7062.601639659087,32.35556455055166,333.52368196199774,1.5055808963289987,1356.5296032976987,47.104792704312814,101.96997735948317
2021-07-22,774.0404020987397,244.42891646731744,27.902191005125985,6384.282950866045,202.92090308741484,7092.0229135476475,35.20520248794875,335.61111356716395,1.5032996969487151,1357.181528073595,46.21356256892552,102.9102809482565
2021-07-23,797.1186223975087,251.02075242990702,27.901315777444367,6353.092115909209,203.18640232657944,7100.043519915676,35.85597586012043,339.40317932595957,1.508604354952858,1358.0065946263414,46.365780380989875,103.33956690143306
2021-07-26,797.1317712173143,254.04178631066685,28.29373319989395,6466.802765116262,205.44976392551962,7114.317833492866,36.801703400737956,344.4196033942209,1.499279884292886,1365.686734387293,45.68102608922426,101.93063223298442
2021-07-27,790.1528499281906,251.03699756804485,28.638593324962322,6540.103719709427,203.16701233219,7106.039214285218,39.470324961154994,347.8470513349329,1.4948835056196437,1356.6217382464647,44.80810433565622,101.44933554477004
2021-07-28,818.3476406724008,251.11621990697887,28.5213505956234,6624.107228600407,204.26065000648404,7172.889775282651,38.250857868558526,346.97274279906264,1.490608703685853,1361.5250862892826,46.145058632962396,101.73131930000567
2021-07-29,798.2509204748625,250.74841309520735,28.566249448030966,6583.594904457416,209.0135236943328,7223.464297448978,35.50782438177176,342.33059706293545,1.4977939218511254,1351.8049924780346,47.071222271158284,100.99430128130106
2021-07-30,768.195668577414,252.35673941882288,28.363138203310964,6508.539518455485,207.01241318559738,7162.698024763382,35.864852620046115,346.8257278241081,1.5019054629425388,1366.6099337071557,47.06031142673809,102.66800506823233
2021-08-02,775.2338591618343,258.56826545239534,27.54547026462198,6674.077179684425,204.0845196900424,7100.686103446169,33.40234499040835,351.2712413447587,1.508858194761765,1372.7145473422595,47.244603433121085,102.78131344886565
2021-08-03,769.1821146457521,262.52082565961194,27.696058773405763,6617.925278000812,204.50481740746355,7087.282947640785,37.762745220850825,349.29292856500757,1.5191433527279619,1365.4504507366698,47.24885798074359,102.18414717076557
2021-08-04,756.0787752712636,258.31826178325724,28.772899534192785,6661.665160833219,203.79982757674875,7137.293037257539,40.61339568066291,352.3417581317053,1.516975184224577,1366.6044250116402,47.8419904612003,101.29053796746615
2021-08-05,766.7003038677157,264.36119757920875,28.277305946352737,6689.056523942363,206.14375928502113,7149.669234704758,45.25425829689883,351.4305142515031,1.508146345559165,1357.573412142966,46.90931050338251,102.06534256378686
2021-08-06,770.9969361918581,265.98141952698495,27.851838504883276,6884.313789117079,204.64328168110828,7111.247894939261,45.39577870054686,356.35360136879547,1.4994171904613478,1374.2824673605132,47.94616371955486,101.55802662886553
2021-08-09,764.12469132601,269.2174743129647,27.379222513205715,7019.572329709638,210.79410418814658,7130.856892168508,46.662824585693116,354.84806721989764,1.48584844879611,1392.5195898953225,48.38635914863318,101.8875464667609
2021-08-10,747.613030507839,275.9126034546623,27.787221559077146,6855.78197855289,206.3053502095504,7112.502235506571,45.60302393326642,361.3682710632524,1.4825923167426969,1400.5773582080917,48.083617653810926,100.9734453176133
2021-08-11,760.3582753430379,271.3471174426162,28.045998559935704,6709.529776611415,210.83394755412914,7171.956510258857,47.661324835653446,364.0796508516909,1.479894805473064,1418.4118111960065,47.515077370122484,101.05037419970861
2021-08-12,770.233224793003,271.49009824877555,27.965600857860483,6790.5243134835155,208.19359839967774,7196.364858887388,44.85087547245537,370.1656352563749,1.485882355964558,1420.4193862823258,48.539376373645524,100.55773697214971
2021-08-13,769.7826426913253,269.48760463244196,27.46506498452595,6789.014164926086,202.01393938168624,7178.845053979267,39.495567437995874,368.77119829203167,1.4861566321954451,1429.4078548521313,48.371615962179696,100.32439687934571
2021-08-16,796.7553425540937,263.10064630502353,27.524110574297513,6737.288052630619,202.91366226205116,7196.697088620539,37.964553352416054,370.26599743649734,1.4826658296791302,1443.770460804277,47.54805421039584,99.70727648073232
2021-08-17,782.4939047401663,264.8553966899342,26.684154535914285,6875.431516852867,202.11811288154632,7285.292687796458,35.29986868975672,367.1968743349062,1.4819543302955218,1443.9928925605839,47.10723615390349,100.54884891692681
2021-08-18,762.2134845029333,276.0187805877048,26.768838206349333,6906.867012682989,198.42057309333728,7250.938762195049,38.00719868649644,370.14471464006,1.4744231708825848,1445.1035057380295,48.03628867256247,100.17469746819728
2021-08-19,753.6833612994157,268.30587789120204,27.24769540452563,6920.67166462349,192.90647333702918,7280.174689708055,41.619110702138556,373.3011339730172,1.4821502063782448,1456.2289773585467,46.15442822671081,100.07981112586606
2021-08-20,753.969402002228,268.4624827997376,26.58228356473198,7031.004410115464,192.95622389081518,7278.470286843181,38.79971883323059,381.5945428936371,1.476485051330459,1464.0728654807467,45.759878257638846,100.02366826957699
2021-08-23,758.1883945422097,271.5265330659726,25.787621680029044,6988.056653900988,196.26240622872555,7309.417373007349,41.388322689840344,383.40696507717223,1.4682403477198116,1455.5422331658715,47.015261104505996,101.3424120832789
2021-08-24,755.8097169421538,272.36119645119,26.623209016641347,7206.651076736822,198.3031222527785,7269.390740138518,43.4047129959806,386.0681255198569,1.474404310939221,1430.5855916128075,46.83200487540296,102.08721228380844
2021-08-25,761.5277740365748,272.1678753413574,26.307344585312787,7106.653482423875,198.5737948539853,7279.524195228192,40.12819463497375,384.5894383878927,1.4787910151205124,1428.8638822632831,47.16665836275795,102.75555512762604
2021-08-26,745.4581045462228,266.8619818535382,26.919935772690838,7203.1116602404545,200.27695873368688,7355.408638696122,39.35274845509463,386.6225081465621,1.4662475431428597,1405.3752193083044,48.48024893152224,101.48690987672498
2021-08-27,766.0034684302516,268.15259176575387,26.8452035324947,7409.4479186676135,200.264413727753,7296.558867372324,38.22759483485873,385.4570468836479,1.4726764411146835,1394.5561442066582,49.58878591815992,100.97557786974906
2021-08-30,765.789996766772,265.2168961109847,26.766418727856532,7225.289607896279,195.53379909757393,7212.662796766897,39.684369810680906,386.0135651769458,1.467372652406992,1385.1132327436007,49.060942434607625,101.96071928456122
2021-08-31,782.2851386109933,256.36679701208544,27.01024729004904,7185.491682498848,190.94359153371485,7132.166911961462,37.31959168807202,386.77500933735485,1.4647769344745456,1379.1022642155763,48.91594464427452,101.03027127560715
2021-09-01,788.0711342697084,261.6015894271793,26.5448656850774,7350.482001108387,190.3613650569611,7060.2406703073175,37.13555267247062,385.7048381247789,1.466293910844242,1388.461444239751,50.050000073064304,101.11841905394418
2021-09-02,795.5310790948263,265.936316502662,26.62328713486654,7521.409364273453,189.91812937715477,7101.010158654257,35.88351789838705,386.0778043224572,1.4707481143638677,1400.3156784109358,51.25479857684578,100.28039416097933
2021-09-03,804.696933725742,266.44915678323395,26.428857510892417,7504.442056793118,192.76267842743775,7014.534212916732,36.74290470526209,384.92990709830184,1.4741751139014558,1406.3077060487153,51.15744280878277,99.52918779723113
2021-09-06,812.1820225715037,267.7218689283851,25.747734221308875,7407.821256987177,195.3385014748116,6998.551888049538,36.34677706872384,383.7701010449337,1.4739553430780625,1413.7244522151718,51.104336159659105,100.89670099792322
2021-09-07,822.6192775690037,272.6633072659971,25.929887821273752,7551.144561347111,197.43733046575684,7040.420216611222,35.386955056321014,387.6619356563786,1.4709762268096176,1421.4488111311127,51.46291454395854,101.4992486710438
2021-09-08,843.5492061664805,273.94494672173533,25.80143517168008,7730.600796243567,196.57743280545,7069.698187326283,35.01156453538415,388.4297705737114,1.4741585961105637,1393.616268918173,53.26790326203593,102.32116243859306
2021-09-09,847.5549009541436,278.24205678468337,25.728250273535615,7568.977446691056,192.09409437974156,7048.027278205776,38.76355743318997,389.80085448892663,1.4734335780767076,1394.0087406701502,54.725135126276,102.98531959445864
2021-09-10,859.4715165191219,277.2256311449469,25.12055415714539,7405.208613472076,193.5218713287031,7062.9730344527325,37.96389521110627,384.87562735712834,1.4869428249724237,1374.3926339361374,55.698754186232264,102.89120243891634
2021-09-13,859.1147015078611,283.41817787302597,25.94073230223146,7444.410603569552,195.3354651390255,7072.6156811129995,36.03841025273634,386.4998041336755,1.4914581444711354,1380.2781385889368,54.23307966996688,102.34396738159946
2021-09-14,882.7345672394529,285.19011809986426,26.40751669272433,7541.501863235113,187.63777576764988,7061.18025122049,37.10519547590854,388.5046630482433,1.484736304480017,1357.6294988593027,53.87789126323498,102.03568930435522
2021-09-15,873.0994707331034,286.39181908146827,26.929755037633853,7506.27273515112,185.06916692901402,7050.613959307815,36.83987307655959,387.2692257097595,1.4813431114690097,1355.9423245575076,53.595389430034736,101.89960211818556
2021-09-16,902.949311517017,280.93965421832775,26.773776414110053,7611.388543593239,182.98088724092824,7196.778867268113,34.32311622437033,394.7629238450569,1.481848277645269,1362.1697233771156,55.54675908590417,103.37863584555829
2021-09-17,903.3802628083972,282.54312287106194,25.871429679917057,7516.89401499698,183.4227612931366,7252.290460125772,38.37452723937216,386.8675345836418,1.491656579889823,1350.3134487015077,55.23261124793168,102.29977491361804
2021-09-20,881.4688145172315,279.113890328199,26.909990355217634,7228.082917261107,181.0071497999298,7418.992028714853,37.70414136898208,389.7640869195959,1.5023684447098111,1361.0146359159346,57.0078873539951,101.86803296087287
2021-09-21,884.5645614229679,276.58201183015467,26.8851921184266,7177.2745650910265,180.96221353524027,7388.83838041217,36.998466519221296,392.42949637003403,1.4995456352592418,1366.8153267084103,56.217166620027854,101.14695649935
2021-09-22,874.8361162491627,273.2976171013539,26.493506368054327,7193.0920987732325,180.3878311420591,7386.144167013903,37.29533433428512,394.5047340705911,1.4927110768521303,1371.260037211303,55.54814194483133,102.02597724769157
2021-09-23,889.2408818138117,268.97047494266104,26.72329593010709,7162.651083564576,179.97241865781987,7301.039266600074,40.665256222676376,395.2889651335397,1.4849580060573702,1379.2144045866407,56.23764766110796,103.5710412184687
2021-09-24,879.9111402232476,278.5779625259388,27.362627089534072,7013.709358362663,177.86501261117903,7250.9362763224335,37.38938370943925,397.4118580085439,1.486982110625673,1375.5318610053096,58.503705111584715,103.84797560825452
2021-09-27,873.9206862647271,284.8889292679608,27.358221756916766,6782.6601869586475,176.01375766926532,7379.071520211843,37.908907033742466,400.68947387794134,1.504359999774945,1377.4800996720483,58.21224100925123,104.19417059724961
2021-09-28,845.7111663680743,294.1015931189875,28.075255458722456,6723.451882730213,172.8799841544452,7347.422061871009,42.079037987295926,398.2395703349029,1.5085712773163409,1377.8664165792954,54.61597720212727,104.29117542180808
2021-09-29,839.8609787507914,288.72045670557657,28.69860738755306,6845.949444043807,174.0702175645516,7478.431246006025,42.3507504312179,399.4731365664915,1.4967460717881673,1378.0036705435239,52.53722035965825,104.67774993038333
2021-09-30,804.9712389549284,289.36793277328667,28.09582460581039,7018.327253634425,175.83877282795518,7398.1708200502335,39.814033144753125,398.9741663206308,1.491471841993726,1370.8892099484456,52.94591477350419,105.34828109575422
2021-10-01,783.2847521001114,283.7526421111715,27.72806764730875,7185.689372411906,173.6196533857709,7331.290530550135,38.601826695677524,395.2240238531123,1.4869750294976467,1357.6012161299727,51.04466408671504,105.72876014816549
2021-10-04,795.0331101399486,280.92051431759916,28.272678545572525,7082.2324784461,178.2376706785253,7311.734189700074,39.00320122920275,397.9424046586244,1.4810241803568762,1354.2184035240018,49.96695791174806,106.17276467003133
2021-10-05,807.3264945810132,277.1286199553698,26.787722439903032,6935.60826709598,177.3578891241486,7310.463891398477,41.68677454656617,396.08468487158325,1.478302386199842,1350.2488120354135,49.99737449637268,106.85480364158147
2021-10-06,814.5097518124294,282.99099419107773,26.71578397283912,7008.367675381343,182.10488625700873,7374.399809974799,40.985450141436175,390.9373476685951,1.4811834066872789,1342.582546658476,47.041787988764185,105.36649621107331
2021-10-07,801.4165346163674,281.51209126488277,25.969893550856046,7100.546249041835,180.199876034492,7407.340373835534,42.714981734657194,389.20076468001827,1.4863913553444545,1352.0358087528618,46.61130778846382,105.38926536155321
2021-10-08,801.6900210568167,286.68081929083445,25.731266575410977,7161.897358497728,174.16703936075209,7382.590650410775,39.7568151866834,386.567008268352,1.4946769412489742,1339.6840600633388,45.28713307909985,105.66803731840886
2021-10-11,802.6005796430447,289.7838798384745,25.585619335213718,6899.90565182286,175.43212185996703,7376.688103298153,36.988067445698064,390.31790029890294,1.498749514685094,1338.1147720247136,43.63429663524847,106.04161824806445
2021-10-12,786.9829751833922,300.99499094964074,25.410578440825034,6793.980032529173,176.24542164089922,7358.478641953145,36.10586526035392,391.0127915152718,1.4843253397349552,1350.9289332362528,42.780776317366644,105.91793031734557
2021-10-13,809.541295225045,294.27729870232935,25.1389977677995,6796.9422622325255,176.4190550156909,7301.072984269963,38.79753682883904,396.0663386367617,1.476646782034069,1361.0622884939817,41.664882474230176,106.07544263625303
2021-10-14,823.4149835132654,300.59692493621526,24.60076311363491,6867.018264816551,174.5732120999962,7245.85553502165,38.931375466924,393.8549573438919,1.4756275533723318,1374.6454460014186,42.16943344100976,105.48737871258476
2021-10-15,821.1312405362082,306.4986348715291,25.762390315267623,6974.836100673885,174.54044292508297,7316.123491937377,39.49962003822066,397.124662130389,1.4768622834855119,1368.437524332868,43.46294787823232,104.02097430507806
2021-10-18,822.5151453495686,302.09430596374114,26.75081469473659,7000.976548428128,173.09923947590212,7199.611928442221,40.05265775970657,407.5676161153044,1.4833853143840956,1377.3259483832655,43.08169215692757,104.86330570948942
2021-10-19,826.5974249253724,307.3396148380048,26.144101796398953,7052.164130383891,172.2807004584019,7308.100233584699,42.33674696395304,409.03925941980873,1.4838540208127782,1365.9363137515165,42.45713532783747,103.9367643172434
2021-10-20,797.7271001346766,309.33712228938333,26.992686187836053,7070.6115981939965,174.83328703243953,7288.490105551656,41.06451624336071,412.38854692675574,1.4843787097703325,1363.1976401469303,42.032362673717806,103.82419622941762
2021-10-21,795.1393372634454,308.5525202149361,26.78592699761025,7170.488263331914,175.45183613109535,7240.887838678876,42.50231955818872,415.1366067582373,1.486293288024702,1361.4891983928367,40.89611961961885,103.22447758594271
2021-10-22,786.3811903217774,304.8467236479557,26.863282383471926,7220.456642331091,177.35151805270576,7292.173590538821,40.772772546281274,410.02123909598043,1.4845477576550705,1355.5026945172679,39.61138735256731,104.56428869546897
2021-10-25,773.2577929205539,301.6910117319358,26.83735895941938,7236.713836020203,176.72449176727983,7393.258795235034,45.02321077906418,412.3536342328888,1.4853413501679604,1351.855192695469,38.02629047114041,104.5185875998615
2021-10-26,770.2789210458407,312.09272750096324,26.493513647463576,7207.111206165098,175.77023889092385,7470.988378012162,43.256979525455264,413.6579495841454,1.4938755332578575,1346.7992594828013,36.79418259610662,104.28017587756689
2021-10-27,796.566839121747,312.4396318031787,27.028097738655934,7225.473319470314,172.42605507047995,7507.811199441281,41.389992787986195,412.8571697304562,1.4933982348833297,1336.5233239787829,38.337921591700116,104.92692994353006
2021-10-28,806.7761249523649,316.72229607374385,27.104363034094742,7299.603118853434,171.41334396352886,7584.644502644722,42.54331026903377,409.7492428443464,1.4933219784895457,1345.9808664858901,37.6931733702366,106.7741649391237
2021-10-29,799.4827783773596,313.0838237528246,26.855313149204598,7344.134825818607,162.06847132747265,7471.361650298822,42.71337246809995,412.4814433469768,1.493220545016994,1344.2865362687226,35.031171820087565,107.14269157358578
2021-11-01,808.7351480897858,309.5418543293696,26.171522578581037,7404.868680997342,160.5146370562098,7439.329993576947,43.41715606682421,409.0508947246865,1.5030916637221672,1346.723908020803,34.53115172201355,106.84104364234543
2021-11-02,830.360446550512,315.2938534316304,25.715656143396902,7603.80993638923,160.3555077759295,7381.525020602567,43.913436938382674,417.14855097980205,1.4949366471415766,1348.759287169718,33.195074340239174,107.45959412625464
2021-11-03,845.3098831628655,308.89822466481905,24.892645354903124,7649.861504070712,161.96426526793613,7466.318265276766,41.58338730625195,417.74446484869577,1.5084204804742822,1349.6198156183732,33.25445107865363,106.13729329150796
2021-11-04,847.2337515425177,307.19060936724014,24.906202367988246,7563.670375220377,161.29067988509647,7443.570994197403,45.076844564130546,413.3357241070846,1.4997240951936386,1350.8923459614455,33.22424178721986,106.19796109028141
2021-11-05,838.430565988067,307.696181032669,24.324487322428496,7699.420764776896,162.31171489819204,7503.423364824372,47.13641293093072,411.5926668266226,1.4949758507168867,1347.865234837575,33.280675882995574,107.9271617214533
2021-11-08,850.0539262093475,308.5842286648763,24.202897113723417,7509.638525999423,156.46967874814277,7542.71410049018,50.45053232198683,410.7279111068537,1.5007031196198668,1363.5194777105453,33.25678388016415,108.08506438121867
2021-11-09,857.1239383692845,308.03990614502106,24.882739703597093,7364.274053824925,156.3811065498709,7487.397808750708,49.135252650386825,419.91082545122885,1.5086049176428833,1372.117499096284,32.95823042858608,108.19993563187295
2021-11-10,872.092943637517,310.33813356772595,25.49443951041461,7418.831582072053,152.0401257527423,7450.928766098663,50.169282198084545,416.7477271466546,1.4982051621391828,1372.5937837107742,31.789740505192217,108.23944580969852
2021-11-11,883.1800592266442,314.1429536091652,25.485631737579293,7499.4757098413875,149.00849406339776,7541.213045372541,50.66682484491332,416.47861364169046,1.490191035926728,1367.9671245527504,31.739985564995774,107.91911955906156
2021-11-12,901.1043316290373,318.2070747468131,25.448915714895392,7331.47804998167,148.5945561179402,7491.759675545936,53.60656197137042,414.63335888009505,1.4924119026131668,1366.940759151192,32.56865670245872,108.21261821455622
2021-11-15,893.5361677068157,313.5721535217964,26.431873951802167,7285.627758826329,151.91451858732907,7503.18438488163,56.80838238355493,416.66726745989325,1.510160044214625,1371.7896380901686,34.089594876253315,108.90763776518644
2021-11-16,916.0765267291648,312.4932930790303,26.716617523388607,7209.416469646873,152.93737133584239,7453.506877923819,57.35938257285316,414.88070986744054,1.5197516732680807,1388.627311176034,33.897539104023025,108.64064519684523
2021-11-17,920.4444935536982,318.87501152002716,26.54999665672531,7150.205978065664,153.04598424667407,7435.449785834972,53.16705170174577,410.81357501085006,1.5180194069037347,1373.732287240402,33.7980182907057,106.51859690567473
2021-11-18,956.6249321851168,323.82834227139637,25.81121944009865,7286.836652599203,153.05638918351198,7435.334853289945,58.11489329098453,410.2562118982637,1.4999185666326518,1381.2785157989674,34.23377910656015,106.9374975541074
2021-11-19,945.9654190939377,317.14142700798226,26.02315513451077,7392.700732934647,151.27127059595762,7386.084949124523,59.75311609136995,409.3159398873098,1.5006810394884136,1394.0641362775455,35.5465778562508,108.79980448337274
2021-11-22,977.1628891778157,319.2809687071142,26.466325768979374,7397.409005829417,149.93876854188892,7325.44420327024,57.96268778845362,407.30289711532714,1.503552310632065,1377.8572462319257,35.12757636799515,108.49449627609174
2021-11-23,981.8276227916776,309.6739255355008,26.141920329321266,7328.394993980973,151.0925244413458,7347.280576575483,59.15295793050949,405.4947126469915,1.5008281259129015,1376.1370919339497,35.75187647032009,107.2465231462543
2021-11-24,971.5475689050882,310.24764990562045,26.302506106098413,7150.005916599725,147.63474216563333,7294.550908283148,54.84833984224455,410.0053041461173,1.4946071849197304,1364.7403919889646,35.034464423425405,107.85087036472405
2021-11-25,964.2786289184658,320.1645625198676,26.11977676748985,7352.914005879692,149.19037632549845,7244.421326758925,57.82027960750321,408.99070704692673,1.4959466932403644,1369.7229024855037,35.33515990602546,109.38788036236042
2021-11-26,959.8855277726502,315.6925629668055,26.03162408736545,7443.542381990438,148.2675724957705,7186.327211288935,53.719656920156616,404.99927851710606,1.4890643059163602,1366.0749815459494,36.213921038296554,109.87409173411041
2021-11-29,968.4036774283578,311.84917868385503,24.775510087807923,7351.615971792814,150.42325701679763,7184.163213638048,53.12976198475327,403.4797263619236,1.503221066404527,1364.926441848447,35.07441996336838,111.42287973787886
2021-11-30,978.73415804486,316.03221221601154,24.67325937393095,7460.276960670786,152.96232094869183,7248.33918359269,53.78313719866778,403.8385877796044,1.514815890840447,1360.7174425934277,34.62733748298106,112.15502190312272
2021-12-01,969.8422808327882,308.6658565914061,25.163824483770064,7457.783788809821,148.73247086266016,7350.226449646417,56.6505654373952,399.1705767551435,1.5199591667801395,1368.853323788626,35.474461675710394,112.81359403515384
2021-12-02,970.5812108855106,305.8929612931401,24.855507945241065,7424.632661293738,147.32813670680326,7305.283543593424,56.953161530057564,405.2169642408204,1.5207931734337155,1371.6380233518337,36.035950996612215,112.3695328695505
2021-12-03,1009.949839753677,309.1659844758356,24.8890986663633,7493.771653089309,145.25899926281974,7451.017919827748,58.79032768197081,408.55676045724147,1.515933169718646,1374.4492112487023,36.99252008901257,112.64892184153406
2021-12-06,1043.099368269305,306.3810919758989,24.52298617447499,7396.328752130804,140.90726450669334,7386.901120487918,58.707588869183674,414.0150839518609,1.5159272031395337,1376.4917496007372,37.79688620155028,112.64489272595962
2021-12-07,1052.58629017225,305.5624589222011,24.707818263467516,7355.529833592117,138.51088433140754,7462.274418278853,58.61318687123934,415.6450126373464,1.528556387951161,1383.0870296614858,37.4871847816489,112.60999108529657
2021-12-08,1054.5712979945592,309.5628612355215,24.60843470811163,7379.900446422521,144.43798691478025,7416.928194256093,58.86422764839475,408.04941566909906,1.535363288390071,1380.467491882162,39.61781493221839,112.40399971965607
2021-12-09,1058.1212137268778,312.00085076201765,24.157730385834046,7317.51343953793,146.00077462939953,7361.963463100674,58.310411928964406,413.8925037599193,1.5370814936454211,1399.6586736158208,39.765577013574955,112.62958543236965
2021-12-10,1071.1557643467088,313.6805178747377,24.817659019676995,7418.546846479122,150.8982581815499,7315.708361526596,53.594805845857664,410.8524600708773,1.5443534689382095,1386.177618352109,36.8519640294295,111.48986271219201
2021-12-13,1052.8786169432321,312.3264804744856,25.290633183850577,7694.420522805275,153.101407555518,7315.18143517471,51.57494449904125,408.1335672016887,1.5487271644956009,1367.4431698320707,36.60373395583759,112.23865097170078
2021-12-14,1049.2705151826851,314.5270337524687,24.994004147804255,7592.521838487959,151.24320383582287,7356.406651874809,52.210035370642785,408.87170115237177,1.5519540231725981,1348.0690728876918,36.187761242003745,111.47556893930378
2021-12-15,1019.4473451159679,314.2504587964917,25.251655759470264,7363.434100235663,150.32491511381966,7403.851954811427,51.56373806254123,414.1405820436268,1.559737617761585,1326.0923663753156,36.9254938824382,111.2748519528893
2021-12-16,1028.032393941384,316.90916820938617,25.53218895962345,7095.731105284756,151.89697079535802,7344.153349878433,51.163593803979985,418.2523968624161,1.5639313567233077,1333.5197907753618,36.522283119432146,111.59182154152607
2021-12-17,1041.3273579277504,314.74547137013633,25.8700516563007,7082.5531404419135,153.09215690330035,7281.942113675602,50.34304804981709,421.84654084993065,1.5708164388624555,1339.6827702955823,37.55088027316811,110.78923097648554
2021-12-20,1033.5493493626798,314.17280885940784,25.01563113892566,7000.869310400111,151.65758638433599,7225.004466847137,48.215503441313736,420.8326114650631,1.5722417138776488,1352.9603713402303,38.089905706388535,109.08177951953843
2021-12-21,1064.5270441083615,309.5760734305975,25.53201119495475,7035.604948061682,147.87323324423568,7220.6549538893505,47.04128613162335,419.76149856103063,1.5704022788082557,1341.840197468717,37.16052505434524,108.76977563065054
2021-12-22,1042.5470739620828,309.74325194019553,25.25032499184759,7060.409367106115,156.4360522700818,7209.8940923019445,46.32510585549038,421.23892159074785,1.5662606089625473,1350.1364281118363,37.04145570929959,107.55310422411253
2021-12-23,1016.6450919642667,306.0864936350909,25.077786842059535,6855.435996893282,156.12356395439176,7151.360962721084,46.337020213856746,420.9144241022078,1.5611995259154676,1351.0205066118754,36.34110151617402,108.18937954703496
2021-12-24,1021.9864296264673,301.0098467736387,26.444285953947578,6629.697127235336,155.32352647276863,7171.602399163525,47.257441399746824,424.4666357255859,1.548874596503862,1353.0927926074733,36.52030254573023,107.21703850200434
2021-12-27,1042.681732134203,302.5908479284513,26.612407930862357,6673.74954432978,155.6853362752973,7322.063854362417,46.83274402530536,427.82082082804413,1.5419824607288772,1360.153978545948,35.824466020964586,108.52020987526352
2021-12-28,1076.060493984715,303.95674117881396,26.4155042795356,6697.638492184975,155.10627219316953,7291.795386272702,44.482677963872774,430.2758595766135,1.5348990801748021,1352.2199629129361,35.90196212018417,108.53688603396434
2021-12-29,1068.4903502340712,308.12679560031535,25.283328693920605,6650.316572653488,155.49240694138018,7266.307040068709,41.47935162268701,420.7727431135527,1.5311635048446857,1380.7759889057863,35.669083507274614,108.60999868772191
2021-12-30,1090.7472584940353,306.3454427716656,26.003743704961177,6450.6359982566855,158.9953576035578,7305.921210791477,47.23181029528003,421.4262452969559,1.54332492019343,1395.8460157707798,35.54426154735126,106.92401281608751
2021-12-31,1091.3002411956932,308.6914420946307,25.321056514646845,6515.182121182399,158.72254535604435,7272.177734473879,44.63761374057315,421.182021648109,1.5422637711992078,1390.1992007060212,37.42549787581614,107.06941073563793
2022-01-03,1089.2207973150955,311.7666433172892,24.825405516982734,6681.224343326629,155.67828508077676,7319.020282639457,43.49498355842368,421.988189263971,1.5442836607151922,1378.3968793635506,37.10085825280289,107.02215651686826
2022-01-04,1108.0131479433614,314.33878921361236,24.668829887693658,6723.325660328226,155.31318988595112,7274.751056870548,44.63398775409018,419.30073385723125,1.546550166007187,1377.703398666829,35.35993061967007,105.93685096771107
2022-01-05,1122.4460380151556,310.5549604155725,25.385261118438745,6622.552821021614,154.1534951729939,7398.658277751359,45.446629367973784,414.4968318237853,1.5590312824585997,1379.9896187937618,36.28030127129738,106.03204054261806
2022-01-06,1092.354226119516,311.6406332945052,25.788625803944537,6634.792603015449,157.99369226425702,7424.621037804622,46.64575569093758,416.39468708497157,1.5547064168077998,1392.0825991272682,37.2173044615718,105.71617764466026
2022-01-07,1123.1227036100577,313.8066250260104,25.715059272736536,6471.262635131979,161.23519442684622,7386.259413687787,45.624556335600886,415.22762574704933,1.5531329017325077,1379.4034613295464,35.43146695974722,105.55410141322872
2022-01-10,1152.7548256294751,314.1880863844042,25.88186746080074,6609.265282714142,161.5948148034331,7350.168314318457,46.172020199491364,417.54783082587886,1.5524636505633875,1382.8340142464729,34.82647355620476,105.59707638869898
2022-01-11,1141.2161016474677,304.2069314109458,25.580616881307044,6626.173827279105,158.1831516629593,7319.185235082457,46.31385565117711,415.2002247604517,1.5614670489555922,1366.2952866839655,35.218555755870064,105.22059503844896
2022-01-12,1150.7557647477672,305.32476068493355,25.659862109438244,6413.675812943548,154.982681892217,7413.137485864927,45.59666628538165,420.693301815193,1.5721534815475489,1371.3474099332975,35.693841874508465,105.44934595487466
2022-01-13,1162.4286225214832,316.6751534332371,25.705236353570136,6383.520473216907,155.08455377295155,7331.902287423038,46.159606301185214,424.6705333021584,1.5760461010005673,1370.442572985345,35.700335386013634,105.39743085572889
2022-01-14,1169.2980183112024,315.20268223701856,26.21600542226629,6446.4041045618615,156.03618989867368,7290.874721025226,48.660780178936484,425.9768902279085,1.585950305957655,1392.1191739882502,35.72696471342547,105.81797577783497
2022-01-17,1159.162882551305,311.8950128846559,26.736072423180545,6412.149610571915,155.10764797781167,7257.0149688900865,48.60679613629913,425.33006914623974,1.5875184833379006,1375.2824818876065,34.90887241951962,105.39245104967114
2022-01-18,1146.6089773551864,314.1090476010847,27.00962349714184,6385.006762905565,153.90822697053008,7258.893387656061,48.56902595228982,428.77709022668563,1.5863076429610352,1390.7233652644313,32.885926592791286,104.5192906196045
2022-01-19,1147.4578126799645,316.0303528635953,26.82263919948325,6244.424007492011,152.42595071683263,7244.100431664394,51.23352246207725,430.4667611537548,1.5958439187234228,1372.1699168853474,34.62522580991126,103.94903234098746
2022-01-20,1173.3442678330275,322.4738426829499,27.231726882538503,6318.318960347325,152.42630170479282,7150.386087927966,53.75636461169206,431.564668654999,1.5998994561027444,1357.949288378802,33.80692976573066,105.17671752660262
2022-01-21,1186.304274450796,316.396487536066,27.189839445923383,6247.193173840507,146.43391751968989,7127.552797883186,58.18682144396088,435.8086005500681,1.5941857973262445,1340.1196876269742,33.96662573076087,106.00536348341767
2022-01-24,1179.831657163596,320.47306059853156,26.61580111646747,6002.402516676094,143.77530501214054,7124.018720694241,53.29525920411973,441.616554934978,1.6023162500719519,1343.0749850403495,33.8421560743557,107.06078152240715
2022-01-25,1197.7710145764352,323.8708973818371,26.40990978916925,5966.174403001583,142.30773130979136,7086.695215341203,55.762597049490594,436.8414358083359,1.6008068374380617,1330.7892130022537,34.62019510323391,108.18669979648266
2022-01-26,1139.270988981128,323.4907845806886,26.462532118477824,6084.519526931879,145.3172653417694,7133.486407639592,57.46536066928984,432.9043596349302,1.5983209275345256,1316.774923754518,34.73019965908922,107.80541531011939
2022-01-27,1164.4703600842058,325.6065087701608,26.95676175457566,6045.9952069630435,143.3780082729692,7195.636265172365,54.97616475679519,430.0469886444155,1.6056339768926942,1319.1764603891024,34.87414206181166,108.08245277722048
2022-01-28,1129.9252827619403,331.378406256031,26.866055230780848,6255.229402539613,143.8761004249628,7193.438475772685,55.67209974207345,424.44085068493206,1.6050814758525067,1324.2176753136844,32.661195238027645,108.16967936996788
2022-01-31,1123.9256168964012,336.4057396035547,26.231989209700938,6312.729872191124,144.48905232967118,7211.26337975314,58.67625946029793,424.3709354460219,1.6083668925587307,1324.9048503078538,31.997385823498405,108.76367483924525
2022-02-01,1102.8232846243927,330.6729038213359,26.2696547663859,6359.848869537731,147.77167157462702,7075.192545078594,56.293397819339376,426.83988598020835,1.6138602979116465,1323.4512297833644,32.60840354513761,108.5340622770771
2022-02-02,1078.7136295444952,335.4095128841188,26.337231452049835,6350.700027412497,151.038102402058,7051.248780060359,57.552949322577305,426.92835145769266,1.6077156077591779,1343.2259815772904,33.15643244026466,108.63654434651542
2022-02-03,1102.81293534897,335.43130928042405,26.443234345558068,6348.811369124263,150.9508954607303,7118.151908278602,60.115821850858865,425.0509776715962,1.6109733267284347,1345.0630103071621,32.386621396048106,108.72111514509058
2022-02-04,1094.8808099970836,336.1922536052201,26.94230601676077,6323.434918956844,149.79554750380584,7093.9137565486835,56.98123980985816,429.5539002990491,1.6220421026792076,1354.0314362774222,31.14316201257003,109.20688666573773
2022-02-07,1103.0538692168925,336.95666498456126,27.50523170418998,6293.513135505934,148.17384087313104,7049.818303587685,56.57729763524948,430.2697065661354,1.614464910327493,1355.8516333053478,31.251244073699514,109.80322099950045
2022-02-08,1103.4459968732945,336.51759760247165,27.18844353329323,6363.674219302787,147.626894875783,7198.704248107071,57.435134865022725,431.7726097490979,1.6182626270929383,1344.2641436702847,29.069509301311964,109.90751419071216
2022-02-09,1114.2981472512395,343.3731523903268,26.863517618857195,6257.777715833834,146.6002570921808,7320.456862953097,55.19374581717245,436.4558377349606,1.6117262066557319,1350.4607894284159,28.25507191297242,110.03859394760855
2022-02-10,1117.1798697095614,343.29092870755363,26.318317234123704,6137.2891728147515,148.0457294943296,7354.26864895816,52.82010984600533,436.14642282507265,1.6201403334683289,1343.6630196322849,29.535029663188777,110.25968348050588
2022-02-11,1092.9863017101338,337.5675161828502,26.696740597250137,6013.713447762422,149.16699885507543,7433.011617563971,52.46465770858794,444.48661667865895,1.6285210945447046,1342.953901748621,30.63072800644396,111.74402381047891
2022-02-14,1114.0995265501192,335.8179039618352,27.489878575142672,6258.308070534368,150.7355679835365,7288.499463708204,54.610258092048205,442.8759068188341,1.6258011136366621,1346.5083218052257,31.015433092291175,110.23018513716174
2022-02-15,1105.567591572363,337.15008120181477,27.32538835907795,6328.013649350724,154.05888806437443,7239.916889534875,56.396575710472874,451.0919254646709,1.6440271820133847,1326.0219816486908,31.26403296138868,109.40026740122252
2022-02-16,1076.3120042134844,344.2250341631682,27.201922073144026,6371.097452438229,159.079439096667,7212.243775389201,54.0191063806618,447.3308726025109,1.6533143284513945,1309.31938929997,29.785272517858303,110.01346539791962
2022-02-17,1069.3321701291782,347.9452457290588,28.0201329688971,6250.609384631704,159.4807096219013,7199.821868554119,55.80961688261054,449.5989180417142,1.6593344729020985,1319.1441108540746,29.247595922685075,110.27321358247998
2022-02-18,1099.9315931031829,343.620057536583,28.313378839817076,6331.406860145795,162.5545855132362,7171.01200532651,53.52502016928892,447.1853234613223,1.6649076501530482,1312.4205152687796,29.041277053856266,110.52735452683767
2022-02-21,1118.2354827600109,357.95225147712557,28.570055463417113,6323.719785464176,161.65034414003122,7011.113636611968,49.384703050659894,451.8947043062479,1.6732858883646784,1306.22667216485,28.53218707124555,111.14137133589088
2022-02-22,1112.5739922355779,359.8675354733148,27.905975106965347,6355.857435715849,165.00582095785916,7038.328929277326,48.48640953214642,450.13390454164306,1.6651431222216682,1308.228700359589,28.29193375123271,111.35407058858644
2022-02-23,1106.9290992715498,367.69075989582956,28.29585673546222,6245.249111580897,168.07770588266536,7075.680772401885,51.28672831636557,451.49438879618253,1.6669308430290772,1304.4594029598968,29.234728891778097,110.87913009064489
2022-02-24,1101.8605643768653,367.20299961147623,27.783231687768836,6270.562984702763,171.05232074486196,7181.302334679218,52.996720751777865,449.03824707073454,1.6702946850066882,1309.0862979746053,28.8500513151364,111.46059975532889
2022-02-25,1145.2026827302002,370.75763548459986,27.1683381938719,6226.493315436579,171.39462842674973,7133.3856460355355,52.992555883617634,453.0230890833245,1.667123003906869,1308.812761151013,28.613776341890468,111.50152415215875
2022-02-28,1154.4874450579323,376.18463431578397,26.988661321897098,6142.714169459015,169.52604578842454,7080.570605598337,51.89986424586203,450.53750796986486,1.6711689723210528,1311.1560915855575,29.15646214880918,111.12521659035353
2022-03-01,1164.8557092375413,384.01099575837316,26.682314623558707,6235.225292555162,165.6205939864218,6914.596680410512,50.89822586660004,457.5984559020358,1.6816607326556754,1304.0755429889982,28.148376544616863,111.76299665542552
2022-03-02,1188.0844767501055,390.992774334323,26.57229092778327,6061.7483413593945,165.574121981549,6899.110819542224,51.17582809095128,453.6963273530036,1.6782859270295734,1306.358051488395,27.57155338777938,112.36907866470565
2022-03-03,1194.6347996042034,396.92376393334973,25.82516349101215,6133.275905494451,170.01389597361018,6958.072821876568,48.51366149928943,448.4142366095765,1.6779970827941333,1318.2220078108003,27.075831466421402,112.5848242308342
2022-03-04,1190.5052216406511,395.3624124596851,26.33307284641059,6219.778214023135,169.18838722718888,6922.636068425971,47.67656948350269,452.45187739897585,1.6712936095456092,1312.510714814526,27.12162298407454,114.16489879755528
2022-03-07,1187.7294695114847,392.1933301936043,26.94181114951343,6122.809252384447,171.5303061708223,7060.300647307328,47.165448364262055,450.22912346156886,1.6565928581335658,1322.4213675065766,26.896798217171774,115.40624835600163
2022-03-08,1187.6239768945518,394.71999007916537,25.920458185797536,6034.148666751307,174.07863756851765,7046.8328988372905,44.084483630440374,450.3799143131564,1.6632236198603674,1322.1404058975318,26.69493191325958,116.35819896278471
2022-03-09,1188.253584127974,401.09835710925336,26.440626354596684,6014.644772037581,173.31044591893513,7058.984567814925,42.27455899358115,449.25529424631924,1.6631759376288306,1330.1979905398964,26.262770913723575,118.79558939592539
2022-03-10,1205.3644683862804,400.11145491856183,26.02326984433256,6053.011874509102,177.30339010969186,6975.704209273614,43.151224826942624,444.1568810947114,1.663738014888054,1331.8353678494846,25.576696021067008,118.68021093060473
2022-03-11,1207.9407019830742,407.43682787490735,26.481083357006813,6041.496425450528,168.8169684318839,6996.557676634757,43.17175208504612,444.02678751153076,1.655715131189151,1331.745755177518,25.976965377738292,118.26337988352849
2022-03-14,1225.4455987493359,417.47629530709315,26.45279205985792,6097.564447591649,165.41018294398444,6875.77517185951,42.51038099852508,449.2902592025698,1.6543455644511749,1335.7441026886,25.766239676060927,119.10400165156193
2022-03-15,1225.1357246517018,411.8530579477691,26.475961918993193,6311.579953012039,162.92053998919624,6921.6049440007355,40.616603370225455,453.54630443025627,1.6636075550084852,1349.0454892323007,26.175937424716228,118.88730177830894
2022-03-16,1228.3441794980367,406.822063327592,26.386044974549904,6257.2413892729,160.73024161736114,6969.6675380640045,43.94854089144008,454.6752845268554,1.6637807566899139,1351.866291237883,25.466144072896096,118.92242885849845
2022-03-17,1186.371458828884,406.356111900977,27.04163877790678,6062.674236572487,161.7163560410759,7058.278247472614,42.145185864581194,459.43336659568894,1.664189961954455,1357.3229250479137,25.053632641660542,118.01173427164295
2022-03-18,1207.549805810643,408.8104907048393,26.387386048603044,6164.725092535203,162.58070988005014,6996.579795431011,42.67870585493711,455.2552502286564,1.6660842906639248,1353.5982852410764,24.92295476603793,118.60958938737124
2022-03-21,1216.5635784656547,405.83985198017615,26.71814443754335,6371.446481241964,163.73878676160106,7009.5008147607,41.650219950399695,454.1053239471254,1.6559820664383076,1370.990587112612,24.85086550312459,117.2454124340597
2022-03-22,1240.1028593752233,415.1724065356089,27.321378879281067,6425.594269567793,165.4726260753087,7047.978492804852,41.72584054210508,455.90816955305945,1.6613305688145539,1378.3074097835079,25.33157899907985,117.1784251480661
2022-03-23,1178.5227300479373,418.4590104557737,27.723940182961524,6300.455264483371,162.88655910468123,7078.920128450956,42.69155396477073,455.5555545886761,1.6511018257035888,1379.440385836667,25.067923156213517,117.18746629275925
2022-03-24,1225.1367558132981,419.184054331415,29.05208590705013,6291.930504569068,159.6118625436083,7026.815938270691,39.86458244959709,454.72655635971284,1.643527358218557,1378.363147321976,25.547963908752315,116.80275036824428
2022-03-25,1223.5296799702878,410.11415245558896,28.754990922887213,6165.788290478023,160.75515701414972,6879.9118637401725,39.85139694015292,450.0192995207431,1.635091369793389,1389.4666051454096,25.796303932334652,115.19529434420156
2022-03-28,1249.6795426399183,402.0122209407532,29.319635523243903,6247.805288716849,159.10565816855723,6904.190071470276,42.29605807657507,441.8446709706541,1.633822827114234,1383.0210921446876,25.735205234140754,113.6032200016997
2022-03-29,1227.9779160253531,404.2682474703015,29.266269265111895,6095.530091117971,154.97602422554382,6897.479030377786,46.19026154065984,445.2870787693923,1.6311092390084403,1363.707786153229,25.137919371535965,112.94968699377036
2022-03-30,1243.0882109257718,391.13669657403875,30.006191832037175,6066.93347396793,157.61940143139117,6865.136699787224,45.89096643686459,446.4414180595806,1.6312623662631105,1364.7707969835885,25.625791369670424,113.46051311822634
2022-03-31,1221.204047241738,397.96310701568314,30.010579660761092,5958.214555508804,161.46687411525903,6915.266196302861,45.986705709495986,450.2604416447968,1.624057897237308,1378.1010996221962,25.046669961305476,113.74581582960776
2022-04-01,1209.019202819618,397.3942430747019,29.78760773534075,5978.564769109435,165.86459171328886,6915.236627770821,51.36304781603233,448.67152554771894,1.6324066017070173,1396.0363006239613,25.04085956989168,113.75360963338557
2022-04-04,1252.9014468901503,419.0198657339043,30.58512878141793,5943.03557336466,166.45930650554453,6836.35317939153,54.361990951373265,445.98086616106536,1.6393921068335426,1395.1175204384836,25.014617711189004,112.97404278753724
2022-04-05,1250.1077353595726,435.26062563225037,30.294999458186812,5968.994704906448,168.30734117238856,6721.231239689013,52.70977833296646,446.18558789107215,1.638131788235944,1395.8832333063087,24.892909001942293,113.30543538248149
2022-04-06,1256.5168995405643,434.47647734875244,29.45984499072234,5977.504556537615,172.34175956481215,6655.946652633375,51.10343994788274,449.80887874725136,1.634381761650235,1401.9773045042118,24.65919839199014,111.70873527605039
2022-04-07,1277.8829288076415,434.2152652068142,29.16563730494815,5872.360374479918,170.5409444294169,6803.5722097524895,53.606980134917535,449.0524556820069,1.6298171293519939,1399.2953733735244,24.16482524247469,109.60933126478321
2022-04-08,1290.8836975985532,441.6729685813066,29.53783165155948,5948.667978359631,173.86113950874494,6850.713381773574,50.964404063271104,452.4855257687265,1.627454427167586,1405.3692122378095,23.214443798945528,109.41827655245751
2022-04-11,1295.9377456774153,454.37392386284176,30.380855162456346,5949.104939626071,174.74690462304292,6865.097909561909,53.812929687664585,448.5853674631368,1.6162616624503323,1404.6902821947413,24.05083657603309,108.96312548782038
2022-04-12,1306.0454864523153,443.107327503668,30.457590272932457,5844.252658464343,177.55346341017477,6856.62510107971,54.71997219861704,448.1132448379931,1.6086862148662429,1416.3849063103748,23.764115581559313,109.87187312201418
2022-04-13,1365.4244594624895,431.09565702448936,31.280633701930203,6104.561821918391,178.18731834791575,6844.1126560405155,56.15494828319556,448.00973040421195,1.6157810017935315,1424.8857412522937,23.695233074860216,110.03282906589666
2022-04-14,1365.6468528567302,427.2962004616966,30.451512851421814,6166.235391844799,182.23038009511959,6919.1545014959,55.43871150031798,453.16326154989616,1.6183829871162558,1434.4384543096876,23.622938427172336,111.51784799564184
2022-04-15,1372.2448618372412,431.77354610478125,30.191801280922757,6154.457118240446,182.9973396415383,6891.427298301103,53.72008065569566,454.192495877399,1.631824749814138,1432.3707095621503,24.286200676761265,111.05204099669515
2022-04-18,1400.122542621642,435.698821998226,30.02705787742947,6328.513914838107,178.50988382348254,6930.07407597829,57.79408961224898,461.57096183261115,1.6295483513020046,1454.901686598715,25.49642308627448,111.50763987180243
2022-04-19,1429.9782437967324,443.708392361086,29.967327830238226,6560.454844367483,183.04402981726824,6911.140333821398,57.085471835188294,456.1887468360829,1.6267681640734215,1460.8370955485873,25.606196082913197,111.30507898704836
2022-04-20,1462.6147747819844,435.7516244120239,30.026778603535327,6548.907864889735,180.19123460502033,7035.692066190755,55.92451845280541,456.90519221570406,1.6236161136472909,1464.022782096716,25.513539957671465,112.56475413210981
2022-04-21,1481.3042052961848,420.36110279130105,30.453709907567838,6598.872821344778,184.14448443704308,7085.685746963203,55.70088543778803,457.82659316017657,1.6211892877721417,1455.42860789154,24.814368609189263,112.40363139958592
2022-04-22,1452.8815076068165,426.6407556958776,30.193047601767695,6482.633267499918,183.93575922294013,7168.430040434471,56.24106308605884,460.57298487869275,1.616010145269713,1454.5896866541668,23.941974016570413,113.19720775667223
2022-04-25,1498.029531236582,421.4879535986004,30.286202923561135,6470.996621624529,187.72511690611256,7133.678217089621,53.41576321275996,457.39671250778065,1.6183630560633693,1456.2125141428264,22.91023560436291,112.24798183787992
2022-04-26,1469.197570884162,408.54227256853426,30.267962259348156,6453.018110502218,191.45825880792574,7204.819703923142,51.92821681098898,464.5694725713266,1.6187604458858915,1447.3546027477046,22.46565405129968,111.89812354507754
2022-04-27,1478.996504015082,409.9422972181248,29.721539060959365,6482.198056605447,192.94057612190105,7187.454017700253,50.3480915740862,464.80956624333766,1.6148000274450949,1444.2626884023625,21.327904514002622,111.84528124999855
2022-04-28,1460.8038328781504,415.6348965242835,29.662946374365834,6529.837828933411,194.69365945929945,7197.453781235527,52.52161139325905,460.4683755266879,1.6250959684697406,1442.6367865809143,21.917535742295755,113.00407038472991
2022-04-29,1460.8703152247151,415.28054679121743,29.586716079249413,6606.267692211528,196.17596413034346,7307.072764984787,50.245781947904,460.5861669285771,1.640743981409347,1443.571001915516,22.157243012465383,111.05730658620242
2022-05-02,1471.3054792806602,412.70321794236105,29.49804140795938,6642.803307145983,189.64938243499859,7241.71296295234,46.02285906223503,459.4736064865077,1.6505072620293086,1423.6418198183235,22.024895528072456,110.78431335454104
2022-05-03,1481.6176797294256,412.10531610818236,29.525640558889975,6498.230761409263,190.10729542059812,7257.874410807895,41.711775750897374,471.31686476314684,1.6552851536468578,1422.386487578468,22.65109121420579,110.48208123690627
2022-05-04,1494.7053412720406,410.11992384293166,29.579233025756885,6389.775113658836,186.60900294014104,7289.456961836482,38.75518193888269,475.9820336966619,1.6617680748785946,1418.3827534331022,22.059186270929015,108.68323592116776
2022-05-05,1540.6060748810582,401.810610848548,29.333394896519735,6330.1082019165015,187.22773609342735,7326.581908863215,41.48539279593746,476.3853384937501,1.67743227837737,1418.4294570114996,21.61807131104626,108.30217888625543
2022-05-06,1555.0994701817226,397.67932700589773,30.098668028543937,6302.552803784027,183.6984753791939,7299.837089537342,41.51902327726486,476.0961412339211,1.6839897263557806,1430.5120482341895,20.60399043904791,106.99690788161642
2022-05-09,1550.1391360756945,401.45138714619645,29.411663302594647,6436.078781382801,180.10707041262808,7441.172334779845,42.57274112502296,480.3808962051699,1.6792376082467841,1454.484612707879,21.013048671069186,105.04140732724399
2022-05-10,1579.1682133054376,403.9670457169681,28.99930616857914,6301.726409063483,185.162792240905,7357.895992905006,43.73018321604701,484.91280071088426,1.682702696079074,1462.6920933811348,20.59781655881085,104.84217512066346
2022-05-11,1615.2806682131704,405.5005628208602,30.66650991692732,6265.339288875259,188.63539063983984,7458.124609930481,43.85320258014798,472.5601938211586,1.6881486747661152,1448.6082385661985,20.612083226335706,104.61500204331769
2022-05-12,1581.876482142813,399.5344066636838,30.04545344489463,6386.20326514573,188.69757059384852,7543.147839868774,43.689538778045126,475.4929576867309,1.6799413521865822,1444.8998401821746,21.1415833986058,104.4310803514686
2022-05-13,1600.8984301988592,398.8142761512012,29.25165801571569,6356.273332327514,189.36694579608022,7676.376142824487,46.03191718369497,475.80293691781003,1.6777174842511138,1452.0955367238137,21.885255541215336,104.66347484110842
2022-05-16,1623.1782336173494,385.5854368334955,29.69342946709013,6418.536607258481,188.6459678495929,7570.457757050322,46.36917021705949,470.4094454719815,1.6871423632591473,1458.0122490955484,21.87587624451867,103.95052107529428
2022-05-17,1616.44607226929,387.11368945822636,28.49371094120105,6407.946431539578,190.55864040812457,7514.496729133227,49.72907028927442,474.3404929166045,1.671997007260409,1469.8680586396786,22.093654138600304,105.47161611440971
2022-05-18,1658.9629520565315,396.5016269806101,28.36845861959151,6445.72894240464,188.45646901891445,7619.125045269049,51.29694376381694,484.22084570288223,1.6617422198378649,1469.0175334846376,21.60649941106032,105.46461808704551
2022-05-19,1656.4747156148712,387.68533964703056,29.62132124900754,6424.229835694499,191.74390069317133,7494.490774801885,49.736613945315185,486.84814584405683,1.6604431868264113,1465.0448126278209,22.54196090870508,106.57691880812442
2022-05-20,1662.2166701662672,384.4905408745619,28.728673367192954,6512.679686051901,190.99708283286884,7389.869362132777,48.515564295954135,491.8904922166803,1.663548455554033,1486.0256731920329,22.45525668720831,105.17522543016102
2022-05-23,1659.0360853321395,386.94590232935275,27.620449059470353,6330.599414499569,189.71458449430816,7360.40741913097,46.78260376781198,500.14256448503966,1.6524594973257911,1487.0206994902742,22.507123552906,104.49628658013619
2022-05-24,1661.4939791847823,395.21518082189397,26.812622951969864,6293.340417729947,189.86055415185714,7376.086630981121,49.71908286899948,496.61785523638827,1.6515774082751835,1475.2702490083232,22.28604136335272,105.09261973908357
2022-05-25,1630.9851740821296,392.8228646915258,27.306915186940365,6335.234810057954,188.03730633202125,7485.540728129265,48.722272816960235,488.5797360108452,1.6612987549078513,1493.0817340960243,22.97121153651338,104.92329295448222
2022-05-26,1591.160012174351,388.9235438848622,27.936539963636477,6406.205233139542,189.16657592987417,7476.059613873954,46.81541987050241,491.6733036468932,1.6620353009117743,1475.6130019532668,23.09304771902936,104.04714406974524
2022-05-27,1639.4558840552504,377.27712943457624,27.659900587080816,6597.119986721046,187.52137089144094,7438.221029103161,47.56996311804797,490.7750985650348,1.6700246402239984,1435.2128076363804,23.54362238525773,102.54841880231018
2022-05-30,1616.5901810975429,378.3179648225972,28.048859741235358,6554.840074783233,189.09654755465203,7462.080186356628,47.339411838231676,484.93672284174886,1.665254243107596,1444.3627636516924,23.760010243532566,103.17232979758545
2022-05-31,1589.9046441651692,391.31318947163334,28.848358302905684,6748.456910874424,193.12349010840805,7496.6824977555725,48.041806732990764,484.7895526133729,1.658690152367943,1455.2152648831395,23.63653695824406,103.73229697854259
2022-06-01,1531.293832436263,393.48618956667974,29.90722275822159,6671.151076644637,190.85259205557585,7529.523408544793,52.80269867257763,488.1695631621062,1.6659117900695357,1460.3351170226076,24.199462086174,103.9552043087291
2022-06-02,1515.6004676308492,393.7788696408307,29.76917045245655,6848.548294928307,190.5055976191846,7520.479292077072,55.26920274044472,487.7105360423503,1.669157357732303,1445.4870056535085,24.41660197984501,103.56431586399219
2022-06-03,1481.7089127388747,396.2490089623996,28.438500402116315,6962.708684712237,192.08235264317116,7392.264359017464,55.34389575667832,484.4627850496251,1.6594578337397723,1445.095391226511,23.844148311502092,102.66672975515102
2022-06-06,1527.9888067749166,396.6147284103721,27.983814700177508,6849.754857865512,190.74064487375628,7334.399589228657,51.58057764647757,483.68267125777095,1.6529916018233808,1442.1715312330793,23.268686945975922,102.6437501417092
2022-06-07,1557.8849077304258,391.9197588898872,27.75428416833853,6896.724646354499,192.32912065318993,7431.724953517262,50.307142979582544,483.791372680191,1.6661401176914357,1436.2731571596137,23.362430946711058,101.58965485381451
2022-06-08,1540.5544232042846,397.55353361149224,27.61920700826943,6896.907543881846,194.23132686168458,7447.225991079422,52.12785129349778,475.6529184028763,1.6586215541982663,1452.8806326101646,23.905669887892262,101.00086033877237
2022-06-09,1606.224206302814,399.4312998745489,27.52388708106874,6986.356923778579,197.92047436882706,7428.611128918158,49.1632959451646,475.2321638678774,1.6665548176448006,1441.0541586389297,24.913284576204703,102.04552524703998
2022-06-10,1636.8243455353843,399.983620363914,28.155202210536203,6963.74271480862,195.97037005783915,7506.748610797541,54.71817069809612,469.70478785630854,1.6627412214220996,1444.9919288846636,23.837759137717352,100.5658114573922
2022-06-13,1629.2357259294324,394.2233948969528,28.890727886464813,6930.135723325826,192.93171066572796,7433.756980254806,54.757627313865584,472.688032420233,1.66288109828763,1459.152972979085,23.860212866408627,101.13260496617255
2022-06-14,1559.4321088462318,402.9747349919761,28.800341254409773,7119.889424084139,192.00232472974633,7421.663681111484,54.89153187838204,466.2799649133815,1.6654988071427608,1463.905177645555,24.16133262004684,102.36922637767307
2022-06-15,1627.0339400039807,407.73159868954906,29.44891106534667,7113.657287443093,188.94494761145904,7433.843899543831,53.09203041700154,470.7374307225988,1.6482592918243861,1478.8083448525006,24.34789158841383,103.06050279371759
2022-06-16,1588.7481579692212,404.5852135351147,29.66922048244038,7233.467514825935,190.8432021255962,7407.334632973142,54.42718310635663,469.1947751316171,1.6364122118980529,1485.7895416355168,24.977575333144248,103.41002640773
2022-06-17,1544.2358718145597,411.5751285374084,29.716435616113817,7209.768509580862,187.18592748291258,7417.021350595907,51.36534011547213,467.09431643310086,1.6372824664719,1491.1999123887883,25.39790740683614,103.04783952377394
2022-06-20,1574.8113296920174,408.76092203362504,30.26921421924092,7449.176175837424,194.83706917785057,7407.465151531969,57.23744159829199,468.52117169258474,1.631526854596464,1495.8816794500358,24.78724683757132,102.5372592455499
2022-06-21,1647.486870053892,404.1226360778318,30.32208135226517,7361.142030529585,199.2567990444767,7317.68637146005,61.13446747240253,465.0695577825173,1.6398408647801594,1503.541508952073,24.17356034732483,100.72975023807103
2022-06-22,1691.0809307636541,399.67956424070854,31.605540204188983,7283.025458249099,199.37913803449413,7332.580567074676,64.21845594331148,466.42428038074087,1.6268873680166476,1499.2110731314542,24.370438469785842,100.7797299726872
2022-06-23,1710.3846600897966,388.94036939206177,30.718473147273446,7504.570142100581,202.42185983862217,7248.339030321675,59.90555237180549,463.54650474950193,1.6316550606955549,1483.9745985024726,24.988944205641758,100.47604293086435
2022-06-24,1730.8694781642148,392.317208494502,30.412715282200157,7448.839182455369,196.94574860961342,7262.0552385193205,60.52399260271279,461.41419172591714,1.6206280644776137,1495.643239703518,25.08622608864137,99.93650606868037
2022-06-27,1759.7739280826963,381.4090418363475,30.344959022089412,7686.600495973534,205.66027350250098,7355.3659044880105,64.29579151148418,463.28586879406055,1.6179392041859666,1509.9104031171044,24.123117361841814,99.94043882435858
2022-06-28,1786.1207073320172,374.3972122078934,30.622023205740682,7825.78138262305,203.6885275392112,7339.72145591625,66.23105410786785,458.7461762360944,1.609512526278145,1513.25981811884,23.5068371639757,100.01031719599382
2022-06-29,1797.3394912817237,362.5664944376929,31.41792759289248,7810.627014848415,203.35303255680387,7265.648415139435,62.99428405599667,453.7371331296809,1.6250579941340852,1506.9370377524606,23.923930122801213,99.52301204389319
2022-06-30,1802.8759339685528,362.46603571285084,31.412022477808026,7553.6634311855405,197.11605744350828,7260.25283968023,60.97959531854603,454.933865576253,1.6143720265822157,1488.5721947548116,23.723428190391175,100.83580899471033
2022-07-01,1803.0081323452991,361.99327994134757,30.540269007034762,7558.446052640402,198.83186409205203,7208.975988572166,59.61710313993543,455.0057059092884,1.6135484251551386,1489.8923347353136,23.800629351926176,101.44718951643297
2022-07-04,1780.8398734923421,360.5023619386827,31.068560331166466,7580.632136456966,195.20527806122755,7250.551215375894,57.84520749816585,455.87935130512386,1.599836703637985,1474.195262295731,24.45042197993136,102.1976405813481
2022-07-05,1773.9930047638798,354.9288211005915,31.55069323580285,7758.381388023094,195.62114613033606,7243.797583262464,62.44021559030765,457.40853771477884,1.6128445389359862,1457.0303478598394,23.73361145935841,102.13364175067606
2022-07-06,1722.8152362119447,348.71728607787435,30.357948815308237,8004.102516271812,193.8970204003404,7359.0692652673,56.721815592912705,457.8278898569804,1.6162454347439268,1457.08010305511,23.496140698709812,102.57272455022932
2022-07-07,1721.8333162922124,351.70453826466394,30.364747247162473,7908.510581139081,190.45301972867455,7439.475675078705,58.61290231915841,460.5245476392974,1.617514467886122,1448.4939301313257,23.197960416886563,101.86072285640017
2022-07-08,1693.4958874042038,349.00373085849446,29.423082015470875,8037.852309974592,187.94162382172115,7432.205471851186,54.945384330482426,461.1129792882658,1.6296450928230066,1452.7914217521852,23.41201670977481,102.42558002296471
2022-07-11,1662.1806038461568,351.160837647813,29.04326012548507,8163.757678916199,188.73988543691618,7483.21961846029,52.36702531306521,453.0386093714891,1.6310098597753109,1451.231431906296,23.875948888845787,102.27868213474315
2022-07-12,1669.5739127764043,346.6031156600919,28.53211424163705,8340.301811886533,184.74647005926386,7459.765668333903,47.360589465383555,446.14606165219413,1.6329647465987092,1444.4944270461149,23.015431901719076,101.46616540867812
2022-07-13,1713.9908692085787,347.9912620248249,29.00637293884393,8428.126560687373,182.48256873097543,7465.031225758357,46.07809689081617,454.13655444056496,1.6342040268475457,1425.2112697720531,23.01915128935695,101.46797828333291
2022-07-14,1744.650400249903,355.7149895059357,29.082952152925024,8130.862905731366,184.62565750394754,7443.764530576566,49.69350785942318,454.31853925285,1.6389798796617085,1415.803135796353,23.531966227127647,101.2514302254909
2022-07-15,1698.0578911253283,359.4620009089689,28.35321268069673,8114.998614032706,193.05448601328243,7498.288614784706,50.35588580372191,458.4039375768509,1.6351128392218996,1406.8706845786583,22.47244968547801,103.17136939236221
2022-07-18,1670.0805763283176,357.4908797597279,28.865342819228275,7946.690766744251,194.7061443551562,7598.658391681732,47.4272725158673,457.1627342871349,1.63352520213725,1393.4259178870334,22.443034291383576,103.55206608487556
2022-07-19,1700.6418794527071,359.3601303121038,28.05776858720459,7924.078826209159,191.77024637518159,7656.5350507010235,49.90168733385416,457.1069017378496,1.640321162387554,1390.0407309337427,21.77768188119056,104.89001027318123
2022-07-20,1672.8369922580816,358.3730171799438,28.252100940820313,8081.085091778887,190.65339261507452,7723.417655596925,53.07043691809234,455.42771132864135,1.6427619121981414,1377.6167777859207,21.43760249196753,105.86477548798209
2022-07-21,1668.0872090338473,358.8126817053936,27.804214530643296,8136.20636565714,190.83212106476302,7790.9614125337575,53.34724592930712,465.8344662061395,1.6419879929926826,1376.0885513724234,20.142270990642405,105.91795887522444
2022-07-22,1686.7077026095192,357.3410677320774,27.609890759462658,8323.95705547281,189.7777916444508,7832.84329007748,59.060350540668495,467.0841948079224,1.6306930143161815,1379.0134901800516,20.862201775302474,105.56375339045492
2022-07-25,1659.5530576855951,356.79498110844776,27.898125057752484,8386.565446299786,192.7908377328612,7756.040788898184,61.53696295082161,465.02715835074866,1.6431174770362709,1370.2031612237988,20.68364447392735,104.12512024415415
2022-07-26,1664.7002594450885,358.40184460182576,28.19905515720888,8190.40118199985,193.5823315699745,7878.8404344525425,63.67363879331221,458.34948073950466,1.6378559967479958,1375.1492775892355,20.276518032401253,103.42282753304907
2022-07-27,1627.1542399524103,353.1387674687045,28.971942272109985,7815.170556719077,196.67180965335086,8011.038775422907,61.1666256263259,466.7508261851697,1.6461253500267823,1360.5260518299654,20.449739529489694,103.99343108984192
2022-07-28,1611.5686257315022,347.8276252896779,28.932999062641198,7845.139392755478,195.70156165942953,7997.392260184353,63.11583141579137,466.25190047425775,1.6477373140097058,1348.744296145357,19.929726072433834,103.763128562624
2022-07-29,1622.8178976897545,340.5596679710777,29.119609029575777,7821.133958479177,200.2415440257885,7973.944109375911,63.8037008695648,469.5731587110447,1.6372790847173897,1347.7927713326987,19.376893052930786,104.09638554969447
2022-08-01,1578.839674437714,332.3158954644968,28.874447966274804,7684.978524174488,199.7554968741368,8021.223326345148,65.483790986524,473.3940293477757,1.647727633209042,1355.492150302635,20.12855604673031,102.43977376475682
2022-08-02,1593.3181671477012,326.2648535822498,28.988431837844956,7448.075409567487,196.56317388950228,8064.310864247637,63.28025576216696,471.6148279731237,1.6499910273854386,1365.2039006872687,21.065909731611868,102.83267694804725
2022-08-03,1594.6675132794194,327.4583547532407,29.2531297870628,7352.170264159064,204.05678679289804,8052.887683882544,63.68686302882156,474.66755984137563,1.6612105386176346,1383.2045159677534,20.762624879156885,103.75942767233464
2022-08-04,1612.5391977302052,323.1692842200987,29.20442889536591,7332.3803609238685,197.90234462076242,7965.984306528334,61.13809967295523,472.2825552167671,1.6598621109565648,1379.3194277889413,21.330508189790883,102.31629613669159
2022-08-05,1620.9956066450877,326.1945939073286,28.17810794896159,7433.166042958974,195.51070631992943,7991.127193960924,54.914565853248824,468.27868672919163,1.6658821273974176,1378.188834919518,21.527676113540075,102.64141118021216
2022-08-08,1663.285827747355,326.7350301565283,28.374043912391954,7467.317821768087,193.51512373051523,8034.098162615109,57.72520218805899,473.40146200534247,1.651430948882478,1367.123359174743,20.78628898892052,103.77133186095362
2022-08-09,1669.0408185359852,316.9529910539992,28.590257417779874,7706.692847977862,202.02609553445893,8089.987165411974,53.54778371120309,472.9170868078265,1.6474704887782168,1353.7501955927937,20.315624885593987,105.19654309703796
2022-08-10,1658.178650517867,320.6445148247269,28.212426602255697,7564.094735897524,208.41128850488965,8118.705981132887,53.83553397745623,475.319256146657,1.6371814051274955,1356.4991689934807,21.125224148338663,104.794621279665
2022-08-11,1663.828307650285,325.1887741853925,27.50519235655184,7699.4800010147965,213.85757463080506,8102.160408459036,54.739405245314174,477.27124898263406,1.634279751927026,1348.3751413054713,20.39108729214058,105.47161764491274
2022-08-12,1682.196737466045,320.4108423147628,28.33768042519756,7714.112706813533,212.74389195648973,8178.238307305096,55.64053538220906,480.21137572033524,1.6383034870379944,1362.0069385674997,21.59415964644673,106.7063008116127
2022-08-15,1685.6984737026896,322.9272673042992,28.626168816065547,7824.424471249238,221.79068642154846,8186.360355429182,54.8585489762229,473.7205262047598,1.6335218805418152,1346.4348080688574,21.294287345309417,107.0709029439101
2022-08-16,1688.9561118738739,318.88264383823235,28.503864438750785,7767.562443448169,223.27318514874727,8155.439198053175,55.60752919957395,471.42024016395885,1.6407567319274514,1351.9541196868652,22.159342916345423,108.19897358128893
2022-08-17,1669.7514824096745,319.73287241437794,27.871342621313925,7935.277527071757,227.10433660625546,8145.447730097436,56.93253457280254,470.23362677492065,1.6339076777931325,1341.388307480412,21.997308715990634,108.18957223181083
2022-08-18,1651.9271662668261,313.67389615266205,27.425211503292754,7987.897620681167,227.89029844345472,8021.66085173163,59.06362210187933,466.9145859098244,1.64131980472722,1332.8793677068322,22.448363238771115,108.55310497135554
2022-08-19,1612.6772578874325,305.1380190479922,28.157521883715916,7893.330355735618,227.78983653394957,8011.7187433717145,64.4111832247735,468.90838256583055,1.652268947503914,1338.9081076775556,23.25205541505473,108.0362291721584
2022-08-22,1666.2707947378963,303.6085237394408,28.243624902181498,7899.422753047797,226.90767049166598,8064.738132630378,65.16985257413491,474.13374328294867,1.6608293626831154,1331.9544745795827,24.081463098914124,107.91564152389547
2022-08-23,1631.3347327018175,303.3415679447975,27.94270108413882,7871.4172298532485,226.19089636807,8092.674652806359,65.37888979967303,480.100809968641,1.6581394299072842,1326.7351113275784,23.73933175369186,108.31239025688069
2022-08-24,1613.0491028146055,301.7493127559836,28.237469685273215,7952.867177548327,228.63427510367345,8207.474522374177,62.48102884288227,478.82886582985674,1.6407753104957779,1318.406557301397,23.242872775531932,107.73199332083901
2022-08-25,1594.2364546794586,296.4125083717115,27.789599847098323,7784.361277751828,230.1580096526418,8191.348136700055,63.85789910822889,480.28080943163707,1.6457228585889168,1337.636288010666,23.202690400913912,107.56097635676478
2022-08-26,1622.0707092408943,294.84615402381655,28.644994191567534,7787.80519981288,230.12693735937532,8230.644399272162,66.02473493129382,482.40390679075034,1.6448571504876324,1331.3110408235634,22.467195037867146,108.23934128222166
2022-08-29,1615.4191431974177,296.4452136783336,29.439423627107793,7854.368800904759,236.20332155199756,8292.893738818504,65.39293887024323,485.3028110943028,1.6369939083212672,1332.1266090304339,22.608769259955572,110.0533621253063
2022-08-30,1654.0946364833403,296.55839183019015,29.174739065474654,7867.161744214728,224.67573028635547,8473.000405744868,67.198095711322,481.67510618895597,1.6326103601487207,1330.2425720764988,22.156212585447733,108.28534761729489
2022-08-31,1636.125555195807,297.75296094049475,28.818854106421185,8079.170760482993,226.7223740482487,8487.4412806088,66.22242155749372,489.8283656883058,1.6445261835223113,1332.8675142765276,22.770951790540757,110.03323580081013
2022-09-01,1646.3370910854735,294.90176750083236,27.35685576955173,8207.06748375479,229.59750672601382,8411.416497236134,68.4818490254984,494.1275772051636,1.6353643235588038,1326.5939950687587,22.45543927925307,109.82668031588454
2022-09-02,1623.7148290209288,300.81329683392346,26.566088924669454,8214.111059354595,234.21187957539897,8479.243608321458,71.6790738616931,498.5817567102192,1.6393620188745468,1324.7294019859771,21.5048049187786,110.69987257575998
2022-09-05,1689.6633581415012,295.5301974371911,25.87160808568533,8256.251153781803,234.04732990157277,8626.275145077927,74.97316439667756,504.21296171138374,1.641313677653325,1329.1768352217262,22.27799152857475,111.75527436049993
2022-09-06,1655.9130378096877,298.1724431312557,25.949438233334256,8311.069280304619,234.9700362245375,8604.711107823066,75.41622652561881,506.84535907725564,1.6385472167903907,1320.295760695281,22.387067855117593,113.18542515457524
2022-09-07,1667.1728938681294,304.19904634342805,25.788413121893544,8383.378260698193,239.03718440244126,8673.562363846379,71.59491487815491,502.3816674682328,1.6440006125989697,1332.1182487105807,22.410101936468948,112.55069130196789
2022-09-08,1688.3256493956103,306.8861323348973,25.11131590720262,8105.667149090408,245.27228284064873,8773.520427194931,69.43759236288754,501.95444571791796,1.657638328253531,1345.0809372515494,23.038614653431868,112.3705102874479
2022-09-09,1702.9902586953199,306.2299795136895,24.97799648332739,8067.425944812892,244.11998353457793,8857.740705727167,71.53495874817379,494.7486666278034,1.655352600893506,1351.8934003911634,23.55318648877403,112.34480636183545
2022-09-12,1699.3579507911782,303.98660379118354,25.239293338606274,7850.915295572388,245.3285735400876,8871.303658722882,80.85253007990545,496.79901206685145,1.653506415354336,1352.9198919558096,23.115763331105107,112.0464255798723
2022-09-13,1697.427264826639,309.4080748997957,25.51480384361318,8051.975468681733,252.53104355619195,8819.238210737682,79.48678969243525,496.2414581714471,1.6588232373473868,1321.1998858435522,22.864151331594467,113.2574320428764
2022-09-14,1700.8061382226183,302.77605431414224,24.570964009374016,8050.7183242942365,243.67264986881528,8816.314977337635,81.31924662422733,496.2589750836647,1.6666234141643144,1325.9572576470196,22.24342276146336,113.21048279803273
2022-09-15,1698.3484886210572,298.4407585763713,24.51536714603993,8029.223651187551,240.9273682348063,8856.320490006507,79.0894979364003,501.8663894639673,1.6657261190323411,1322.0770385170842,21.450223337138496,111.77639297845849
2022-09-16,1730.1465669351592,296.8748071407413,23.8535567414232,8175.378304935893,247.10533991099115,8932.581067968813,75.3302472679355,500.00644156666147,1.663351041467714,1319.7387741715763,21.769281502456376,111.23402039241905
2022-09-19,1802.5377619495641,303.14552940714634,24.294935422032093,8249.48820526886,251.83846403934555,8963.05287782483,72.82548416193184,499.072748171125,1.6451738040737538,1300.1177015394653,21.990366661345693,109.86024671062181
2022-09-20,1786.6827488415174,305.3288118223697,24.686359351365414,8082.547495388063,254.18680128386234,8936.03269205573,65.62405706539099,499.3711629104795,1.6389503231291411,1305.5227142588237,22.419367564835287,109.6816811930053
2022-09-21,1745.2612081895402,300.9669732533997,24.254212013480174,8079.741706753395,252.35663063704854,8984.403567611165,70.21866124643287,491.36621366484184,1.6298034613433674,1290.7389186355158,23.15626440922785,110.29545953190883
2022-09-22,1744.5822995031601,299.80600396390605,23.892614382564943,8036.4844696211885,248.7012491503464,9057.84200818767,62.8095789429283,490.3871246869434,1.6355555894163005,1292.2207577485415,23.61606532695527,109.74142835085992
2022-09-23,1829.6961689379077,297.2003355041832,23.680313489865476,7782.250842018364,246.31266085047227,9092.477226683533,61.98647284126679,479.72977438813416,1.6337255853703314,1301.867166273596,24.138635787412337,109.41004268224104
2022-09-26,1805.583454318912,294.16764262839257,22.64384748075177,7688.535776643144,252.98187548017097,9027.917396554381,58.44053762772858,477.39931607166454,1.6315784718905022,1297.2477311559737,22.923547791744273,109.19164629589022
2022-09-27,1861.8821513927883,299.14010755774524,22.803352031842998,7669.4361049362815,250.39366065373952,9016.795951100079,55.91265694471959,481.28036647182796,1.631667752156503,1310.1914926186414,22.755116905631887,109.33652389026386
2022-09-28,1921.2701429202493,292.9682263717261,22.68606032285744,7660.360347595821,250.92610977337952,9097.68005394867,59.896430281456745,483.4149438306312,1.6247464457587097,1302.645740228881,23.31750699019655,109.81083058762728
2022-09-29,1904.5045799605102,300.9381176504018,23.1374878972302,7455.087076000922,247.8306084765143,8988.736392665398,60.501627059080946,481.02632532029844,1.6375774844590885,1309.1798149688473,22.653157201210764,110.54439520871902
2022-09-30,1926.420479737631,305.2882247185654,22.641533167619663,7627.638339944015,251.50745744489024,8824.515314254235,57.65058823705588,481.3955025986895,1.6484063549855352,1295.8444397622898,22.711945454863997,112.57969183446433
2022-10-03,1986.1036336976026,311.00535049144764,22.36961380749522,7620.472047892895,249.31428621503497,8948.683487200575,55.976087668907,476.9512464018817,1.6619631259505845,1306.8394691065014,23.01572386337625,112.71351231511902
2022-10-04,1974.9645464895575,309.0500024372063,21.712171595861033,7633.540984859219,249.00057310038287,8993.563567849009,53.87413715481034,477.132001941787,1.6678186846691712,1316.293097034226,23.2789371308401,113.40161747152892
2022-10-05,1970.1033446075098,308.6487912197773,21.286800697430774,7699.566402474961,242.07260499701027,9046.42572678235,53.75696548357417,490.0787383985799,1.6677396476553457,1321.4985919923815,23.501608688293388,111.99286911228705
2022-10-06,1951.9243734183397,301.98386942662245,20.795727462333655,7592.725114472663,235.6176683100883,8962.761473049683,54.223686498258225,498.48738376578194,1.6814270236984687,1317.610826270564,23.863299468050055,111.67599050638137
2022-10-07,1918.8961962997146,299.7890332983851,21.220485848793704,7666.50876034781,235.7426835099017,9026.061654889349,59.61436520178335,498.9230522026576,1.6758793583064746,1303.1756736714271,23.978564585251135,111.45694820615138
2022-10-10,1898.8778893402084,302.49885202437923,20.932475229506796,7620.842381168026,230.5835372710053,9052.069181153014,54.16752361735702,499.8425642513268,1.6687618973790206,1299.3692949347076,23.12437101767145,110.57564783089653
2022-10-11,1859.7316485607473,309.17717408399426,20.990822228138537,7499.6157584704815,239.080349858822,8927.482338675507,54.07332078251835,495.65349783014864,1.663916923019532,1311.2245169895923,23.426338637697075,110.1245436844036
2022-10-12,1863.107336405971,304.0827846988272,20.837829011835492,7589.360174729914,230.9390434207843,9046.274114702492,53.22682684431086,492.2865607749646,1.6684395216550847,1312.8510434212028,23.60077702297018,110.05189892022898
2022-10-13,1839.669961198938,302.6423930160482,20.321526278943303,7815.344874521054,227.91000003262815,9062.827186072132,55.806478211336135,494.09146231549096,1.662260204833216,1296.9000578167647,22.76754199379229,109.63040521644812
2022-10-14,1849.6461176413793,302.2429305797759,20.259315725158107,7931.648145518247,228.06592435524647,9034.190889467178,56.805370114918006,491.9596069109034,1.6611354598707533,1285.5402073422883,23.573643926685765,111.95863015020423
2022-10-17,1800.7229288300075,295.89316871423625,20.5096763164369,8080.04486042833,226.74532449317533,9007.111747026018,58.50715040656877,496.1776161504614,1.6480489010920525,1298.7525619173725,23.897533378507127,112.44088671604526
2022-10-18,1813.6548356923754,299.0348316863867,20.026203727128078,8008.515739920594,222.61793282685343,8848.761115418,59.52541029940426,503.43828408363476,1.6521832454893415,1304.0926844995095,23.093854419048196,114.27819858220282
2022-10-19,1843.2818129272237,295.9161731009317,20.359015953670575,7776.844527340572,219.10963546110816,8899.699317875496,56.815190535509984,505.1496479202224,1.6398619730683495,1291.5402999865858,22.633608662058947,115.67413113155996
2022-10-20,1780.4396627015205,295.31718130883013,20.021955366065917,8008.178092524081,215.53667997814424,8924.26709890606,60.36243677647844,505.81467777508715,1.6323999113724046,1273.678136490158,22.323381111343302,115.10710634139684
2022-10-21,1794.6200955000595,293.51207495423967,19.83543056822533,8335.29629607717,214.57446514222497,8912.25668844221,62.8211781952523,498.420120140254,1.642528965011239,1267.5787034874013,22.01701412000679,115.16472999505334
2022-10-24,1836.9220930319987,290.14748526191903,20.053093350824962,8591.835507095535,221.9028402375532,9019.00350854249,65.76374762917236,501.98579793663606,1.6524163935014602,1249.1929194869588,22.18556336069332,114.78776954875903
2022-10-25,1799.5162109951564,290.4340835917263,19.794709411266336,8545.736126067126,222.28593831505063,8910.934525765771,70.05434143852546,497.04411593538106,1.6556774542091308,1247.8861033644157,21.65709218695521,114.66219365296323
2022-10-26,1856.7435246012235,289.75243632291597,19.815534439334627,8368.665283223727,226.8919406688313,8866.748609431274,71.53272248764745,495.37581882905147,1.6581268819110118,1272.857032118545,22.283275135937707,113.79275891541305
2022-10-27,1873.0469731381438,288.350618329384,19.697118995294502,8209.125785754712,228.94744278521924,8802.696495137663,77.0307445769462,499.87241081495915,1.653896108965235,1256.9502579918128,22.88041923290036,113.41420036341734
2022-10-28,1851.6484360087723,285.32297335616124,19.754073856466807,7958.619199204266,233.41736808919904,8784.149811203395,78.49905613608693,504.72852524946865,1.6476816912494734,1255.3320904902857,23.244404169886828,113.76361672843132
2022-10-31,1852.0116847000268,287.10102956793116,18.841181117205252,7950.344997388855,222.6561687326483,8793.001929726795,77.64395300690612,502.8149165400279,1.644864575376318,1268.8304416943486,23.277109821259575,114.09001414905944
2022-11-01,1872.9642380301116,295.1229501001481,18.169626437124577,8204.831637458812,221.59534558778688,8830.629397960673,77.61831955340321,501.16826521369336,1.6326260384174012,1276.7123114575004,23.83622910269561,114.3444019587246
2022-11-02,1877.7803734606484,296.1097744606848,18.400367973890265,8190.964158614576,226.66524857164126,8806.618406871774,77.52583903073305,498.223132321491,1.634851586966686,1275.4490864580155,23.679458950805653,114.31268738080304
2022-11-03,1898.35559434785,301.19808459996847,18.791681360895307,8246.391823297163,224.56265254994207,8740.849037941492,75.53844421313579,493.0779868355669,1.635414327164362,1274.2114948715125,23.26140943049392,115.12557679772726
2022-11-04,1869.396983408548,294.8965408586168,18.458123229617353,8473.232629685472,231.48539616060464,8878.04514487441,81.96039673514635,490.465132327815,1.6279622462090937,1262.7353411739402,23.971089043037814,114.91206233945233
2022-11-07,1877.3560017854606,295.9672389281638,18.373767903773466,8416.838488534311,237.49413314233325,9076.477285217583,83.18365982701152,483.5893133269403,1.640945313779591,1260.2864387719706,24.16939225805506,116.22170061460665
2022-11-08,1832.3834369282315,291.13610593009605,18.487935330584005,8757.490392260423,235.70185932554233,9091.825682656976,83.57862921572804,486.7660334740694,1.6460970393550787,1262.9958445241155,23.76670398412353,114.53939200463384
2022-11-09,1830.9143280284711,284.649920742285,18.75166834927603,9104.412378300056,233.78781222432943,9033.724220254926,85.21705320258799,488.6929098620483,1.6519662815192988,1274.4662474964978,23.526843591519633,115.1658527239428
2022-11-10,1803.5287046858098,281.6119711139895,18.011837518324068,9090.846764938055,229.8857897509274,9158.146372025483,98.90841239369274,491.36098413701643,1.6481106390137554,1268.4124213446735,23.104591179541366,115.63980789256658
2022-11-11,1781.9452387683573,287.34986748437865,17.70077416418992,9000.632982869638,227.52941286466304,9043.289429105478,93.46696750657613,487.3533492444471,1.6482644966800921,1266.7408923024327,24.3099497581591,115.04044054213315
2022-11-14,1824.2250660624975,292.0721255418624,17.58870244001045,9129.787589072923,222.90050439398735,9019.690521188284,89.60007522882479,482.3325375245958,1.6536083476139138,1257.409519460141,24.319735532363115,114.73692226079743
2022-11-15,1862.647490548266,293.53264292824,17.843148429603406,9078.776667308985,224.62116977749164,8966.944384725362,83.62375318289028,482.7579631272221,1.6550375366944932,1259.9301326192342,24.423174724441964,115.18738104622514
2022-11-16,1885.4440130816267,286.73706432054513,18.763025465724578,8890.336551691047,219.21708683839222,8877.403803443789,82.65684556531917,483.2298109676495,1.6685136384891166,1268.1086072167748,24.874991504702,116.05772361537183
2022-11-17,1850.9549851773568,286.15257661069205,18.68326284777061,9118.528483361652,221.56720769695156,8858.601710563846,83.67778825332488,482.78282321333614,1.666981082428064,1274.7673467637564,24.137796149759023,114.46761898383126
2022-11-18,1842.6529650404373,287.8536966627753,18.17030265201456,9341.071253670181,224.03522681632532,8793.48743213705,81.75340359032823,481.71929155339006,1.6629472048433223,1263.141904583694,24.816099070208054,115.06738898419437
2022-11-21,1885.5925480668134,288.98099740766503,18.322574896727854,9378.085722079257,217.8840035076713,8798.00748025766,79.57668143491988,489.38942551205037,1.6683960522554122,1264.8798000048268,24.44917432341939,114.66980510355964
2022-11-22,1892.6785066066252,280.88918600481304,18.81875193915824,9164.90239122162,223.79036508142352,8803.680455758034,80.14530875032038,491.4660037515681,1.6580454697438072,1258.2962176364201,25.60139526399831,115.72990333705778
2022-11-23,1975.7359399648815,277.22103551475834,18.865108385304598,8962.240327596903,225.8432334969999,8758.090328435677,78.15827639489746,500.4605999906617,1.6658924160383457,1268.7688207733515,25.409684585539082,114.06230736308221
2022-11-24,1992.1623919123058,277.241760162366,18.53166939677513,8989.503228946392,228.83150983930312,8732.426335017632,79.3798649929682,506.4114897174605,1.655258858303077,1267.3859802451823,26.085285583915255,116.3388724547195
2022-11-25,2001.4612964286605,279.938674757476,18.895825159577807,8913.438120109768,225.98952743745934,8717.788742834411,83.92776294507458,514.4400347372365,1.6607184829445536,1252.3232037423497,24.514172794205987,115.54015445484339
2022-11-28,1992.7457580361456,270.57045198066857,19.15400666384042,8864.719284313582,228.48466681772115,8785.074797008174,86.81748030661633,509.69312708795167,1.6555097409962005,1250.3730761105166,23.811605902700215,116.89286325974062
2022-11-29,1999.9400436013232,270.16652596524017,18.77057158383808,9047.57325699136,232.995186157871,8776.857002384531,90.72733181405924,512.6264293193232,1.65962534770724,1255.2186094682243,23.644556653739787,116.85155162782483
2022-11-30,1996.8536061402808,271.0836139983287,18.91998582610551,9183.670675091778,232.69799413331907,8845.78157184212,95.78964365712916,510.84258123763504,1.6673384248542586,1257.9228095415538,22.480839100437027,116.1119725120787
2022-12-01,2024.8967286019633,275.09626854589845,19.30693052145654,9436.750472751166,240.84995159723275,8896.100224474205,97.1538673783074,503.45332266981836,1.6687848109633936,1253.0335215910409,22.827945427616044,116.38177115577625
2022-12-02,2062.5422889278598,278.4690230057997,19.77467199529625,9270.059981668162,241.12687105947143,8945.555170731677,96.38628618926087,510.4818229818356,1.6589711128886875,1247.4297588192162,23.014153936936456,117.36736898025522
2022-12-05,2036.0090271587924,281.38616154283693,19.754334728181437,9219.024323899786,245.94712886277446,9061.615303115888,92.73549290302063,509.3379768839281,1.6517143069644877,1237.8613914434065,22.457816425035304,115.94167732592666
2022-12-06,1990.1884630171696,278.1133927698477,19.6192525729156,9362.289473789213,247.2741745006132,8974.371246074661,90.93931085259378,504.7260885753054,1.6458721511096561,1234.2052113579757,22.455593980440273,116.61757526176153
2022-12-07,1927.7965033640153,270.048314071103,20.11280817357582,9451.7825274309,249.8477182559763,8939.80903139581,88.58903519507837,503.0476053648578,1.6305141463610875,1226.0305769536312,22.91981199090224,116.62953757443287
2022-12-08,1947.8408183482557,268.6507045910561,19.63774784742443,9740.754495210798,242.94594177067177,9086.44658497938,91.88995410165714,499.65546524211277,1.6398959285002872,1235.8295753546863,21.75242946965362,117.19262147484734
2022-12-09,1911.8299789716912,273.2912698854403,19.816703842392098,9828.720625024762,244.58108019768187,9069.05499501646,93.49713907985829,496.7443511145242,1.6409630900779375,1227.1978091488895,21.077122817936992,117.22635470035426
2022-12-12,1841.3681532598168,279.7603717369571,19.28687239907188,10190.163055405974,241.64079216992815,8845.70433498078,96.81178482050811,495.95295784306705,1.6318359477771596,1228.6446387198218,20.907564225658387,116.714615409941
2022-12-13,1856.51907956532,283.27048177012654,19.70814896675033,10305.556201712847,238.28406738203645,8833.093033645306,91.35489697146109,503.9406060086338,1.6439207725302476,1229.4243765638978,20.9262449166469,115.70302564082564
2022-12-14,1944.057459710252,285.53701211527635,19.612581881892257,10526.168221811331,245.5531145818185,8847.365189455566,98.13453685834288,501.12800174500285,1.638330053638105,1239.0084379249004,20.901874068294564,116.35058823771749
2022-12-15,1946.1790458680143,287.5928874103763,20.122587850249275,10472.131484732676,244.76025545559273,8644.8665118143,96.06166641346671,508.8712293072338,1.6405479887831032,1250.1035141502998,21.37818891981109,116.99674588163246
2022-12-16,1978.1475393743704,285.35898803023497,20.327430150268242,10485.454818112035,240.7172603436479,8752.777676090036,90.92086489238568,512.9788047800461,1.633955843972198,1257.3346442912725,21.64125559115577,117.64178646274742
2022-12-19,1983.4420590021257,285.07919819146,19.84211716827845,10679.189969094754,239.3478213622346,8700.214552075502,88.94592700700902,515.0175471253077,1.6177117844692588,1261.1418559965703,22.028065504355062,118.06851245152144
2022-12-20,1982.2919688871048,293.1170866899222,20.42172658765047,11022.554363727497,234.20812885592744,8729.470844466328,100.70716236875553,518.7043421099145,1.606873666617171,1250.8563244519748,21.282187425911914,118.98800157713457
2022-12-21,2017.7784157008139,289.04755200197405,21.07156008957642,11187.522249078245,240.08335980463113,8715.219983940593,98.77367083130954,518.9756440417409,1.603434701892512,1240.4539677325292,21.36579007170556,120.35806985289395
2022-12-22,2009.6732972785721,296.93928046654474,21.453118042494992,11181.032419484316,237.3556437533611,8618.195791779588,97.18110077636054,525.227448689301,1.610813774727279,1232.336411438662,21.208721432378514,118.58854211419094
2022-12-23,2021.7939914381695,295.7383836701574,21.135164996871914,11488.978381932753,239.59685060813752,8538.976771672767,96.25212223046422,528.1256488699901,1.6137685646803692,1240.0196881938684,22.004880781180614,116.4108207624289
2022-12-26,2035.976980440855,302.4095239343903,21.012509728236715,11031.342945675597,245.2827277248919,8470.804099219826,95.53952181767889,520.4804008478158,1.6150617525321085,1240.9955203333207,22.107660410593436,118.04537349875393
2022-12-27,2014.0551237241887,296.00403859988324,21.080037572674886,10747.983163126179,243.30333093433916,8557.400689857679,91.87842167961809,522.0787822064982,1.599071350315091,1249.8995079200276,21.747478613724333,116.80906744500616
2022-12-28,2052.8045399866087,299.1208180043682,20.791667345854083,10898.979647033251,245.61206549904395,8549.464441968095,92.53869244608826,525.985822287795,1.6094193880763676,1260.2190767586535,22.22261261889714,115.82156259880215
2022-12-29,2048.8069556058063,295.94074343730983,21.51389982049343,10912.80896008349,241.4450373934935,8512.808000555804,97.65165438648634,524.8293948458328,1.6113814972891856,1253.172030134758,22.544537605246305,115.57848682921686
2022-12-30,2023.5517064650912,289.63310537610107,21.582563837377187,11050.127790296669,251.79617766029145,8444.88027184821,99.1983186401367,525.6363114186289,1.6105806973709906,1253.7443523919142,22.09282201331383,114.08206595395016
2023-01-02,2045.641465103959,290.9674812952067,20.452779661335068,11074.727775688465,255.93881287923946,8539.698688081262,93.83733457503968,522.9541685993897,1.6198878381106692,1253.864781035789,21.907751356516265,113.75708852787906
2023-01-03,2015.2414036122339,296.0306692886465,20.598245747203713,11206.721180967414,255.2042217553252,8656.439858029707,92.23553834865389,516.7169285505859,1.6301864499200784,1250.8312180599773,21.733489285002282,112.9201046181464
2023-01-04,2018.6848849529508,292.37698040773597,20.46145283038696,11045.687167078799,251.97400333908305,8752.735072955858,89.72676739574477,509.76090687367076,1.6397886244011564,1245.7397895622541,22.41747712053104,112.73205439344974
2023-01-05,2020.7770393628766,285.7621275898044,20.436943832692997,11177.236847459017,251.58677992784018,8795.130071587924,89.96458637476391,502.9587676401312,1.637927811744393,1257.8546435765825,22.538431754523213,113.00731299031555
2023-01-06,2063.138218395524,285.65655335282196,20.29291576184982,11401.821938824894,250.23694679080992,8821.629801708066,96.15280951648201,506.1988602558136,1.6298932643514947,1258.6294360515446,22.95857470111697,112.71970241428353
2023-01-09,2083.3408827094454,285.57116473170555,20.629307857394156,11681.000386956764,258.78777223475726,8729.108079718853,95.43969212607908,495.1778847597277,1.6381362214762132,1259.0135758900014,22.683997025378353,112.38740199243959
2023-01-10,2084.902962742751,288.40460583488937,21.102816854721677,12148.68768999084,253.55334207931756,8713.302014986824,95.0199441990243,492.4134660986531,1.6271562724186925,1251.2040362151597,22.88152248094748,112.64213153220315
2023-01-11,2118.359793449967,293.14222146063287,21.228987763411418,12217.373856958578,254.23673169123805,8663.303214481426,103.85223270786113,489.22762024916824,1.6432404175532935,1258.232572663597,23.646467283380197,113.6098431542624
2023-01-12,2174.6458915098215,293.18600760241645,21.09173739842273,12293.409871314996,254.2591698018634,8525.540938978265,108.50316564734317,488.18206799715114,1.6436348388449464,1248.4055238090868,23.441004309027075,115.09914240064725
2023-01-13,2199.2280849092203,302.35302718674427,21.080630375805967,11954.68269754133,253.85370214063425,8610.478270731164,111.66277738177126,480.28541534048634,1.6351028918967214,1253.207669921342,23.515638780438824,114.92107159381382
2023-01-16,2202.279092902196,303.77371168706975,21.09522305880037,11846.426282187185,253.4867724847535,8560.147280436018,123.14838296884807,482.22727862621474,1.6252251993936782,1258.3033113604927,22.73448701670852,116.63444850160572
2023-01-17,2153.4683389629026,302.4270921329642,20.76560513524599,11814.85553284809,253.08829965977586,8656.243676121345,126.20159095425322,476.9239683954749,1.6150378069903777,1254.40845997584,22.310202190579048,117.47885108933919
2023-01-18,2115.1118120926444,295.05304476363847,21.013741727775262,12065.060995301546,256.97545165429284,8728.701252334213,114.26887220416985,482.0022261713052,1.6163332870743166,1257.851782622069,22.131080962234094,116.34992661514893
2023-01-19,2106.048899672944,294.1390458514828,21.21434148665487,11937.73908016428,259.7535500506652,8776.055545713958,119.12668270718665,479.50429017321005,1.6164432635458215,1259.9734986869119,21.558324208851232,115.20493581706819
2023-01-20,2085.5704459729245,292.88217923151427,21.88466718283089,12131.861742246292,261.7146516651934,8828.128187718274,110.01173749252777,479.28352103287335,1.606645730286582,1259.8287549480303,22.28940287445648,114.69704835254547
2023-01-23,2081.059064104901,297.7443660239316,22.447814473114292,12143.625489231541,248.65763122155673,8782.887130389892,112.52634061143088,479.4915583037573,1.6039451762015973,1260.211236334671,21.83384268073761,116.05348031275163
2023-01-24,2085.683518645209,300.2859010112048,22.148721178822925,12114.925281710468,250.0281441600382,8934.550461838884,103.2858259579411,480.73897843715247,1.5931714503968992,1261.0864475387982,22.27424653939047,115.6120493011976
2023-01-25,2108.1928214966815,294.99697978231336,22.521845014250598,12184.530705786916,243.1862520375341,8941.594814639271,100.90277039086327,481.0915515398136,1.5980324624052402,1262.6502724453549,22.38524537761188,113.89777424108873
2023-01-26,2108.047407576804,296.1367048577015,22.104178433961064,12106.411655803344,245.97134903608844,8969.512702471078,99.08401804085,479.43752453650563,1.597756080497168,1263.511613094481,22.40923951231778,113.71215000488212
2023-01-27,2129.142144165301,299.6651507731304,22.420714860477187,12020.139004286983,252.31580997115165,8920.835983634655,95.34121579881294,481.1124514948546,1.5948954454941087,1252.6532797018883,23.26447323683758,111.94701505686662
2023-01-30,2134.174004842904,307.4197842358163,22.19690840414491,11648.676416581442,248.4733141766824,8849.926686656252,93.69263667188771,483.3284067907838,1.5848149171924828,1251.3791184409913,21.992740810395386,111.02837445125283
2023-01-31,2062.092596303158,312.1594929107342,21.753789095269834,11605.526781254359,247.4689649169831,8891.58068956907,98.65685203564087,480.20358137221564,1.5825964974401805,1254.2851725629735,21.89169439074132,110.53028624647855
2023-02-01,2029.954245346266,316.33057774909014,21.882535665614192,11511.678439169016,245.058297908404,8912.568401865805,95.19715362835254,482.24267006251694,1.5794761029075777,1255.5128525025596,21.314717678145897,110.68484384474196
2023-02-02,2027.127320047918,316.98332653204136,20.74898890312645,11410.7785748942,250.35964724723303,8853.016861551232,97.8276333247476,487.6378086674822,1.5821455123697645,1265.3821084676454,20.300840612671664,111.61776445486188
2023-02-03,1985.8463025843246,319.3099199012455,20.040956536527478,11513.024801685127,250.86474945855002,8742.642143864214,93.21648693430944,490.94199418581815,1.5836256525680317,1271.9292360238499,19.709366928377673,112.26176193626121
2023-02-06,2009.8174344765696,326.11635840350954,19.975932397100426,11669.667955025827,258.4482670857868,8646.746655329924,92.33743377641788,495.2770781860234,1.5900687201570207,1263.35585195425,19.723778527367827,111.22984166843283
2023-02-07,2068.4455937668367,319.5870861995358,20.014900158501423,11732.991835852874,260.3766842311355,8743.830311788928,93.84472821328126,496.2424647564449,1.5863794635213995,1261.9252590641793,19.375148921533743,110.92175114080842
2023-02-08,2116.8626651112254,318.1550293636627,19.87356841863813,11968.97131442029,261.55668302708955,8699.182538104804,89.28336319777738,492.27588120765773,1.5718484685273026,1259.0378837276673,19.82029873575992,111.01174569145252
2023-02-09,2111.277355270443,314.5923512552406,19.261377068945862,12112.685039302538,261.9649029070383,8676.158687511197,83.61551980855106,488.89732268318977,1.5798150127985913,1259.2459092129002,19.72053453470876,110.80128323158817
2023-02-10,2171.3003254972145,316.85495932943945,18.95455109234166,12057.021486573616,265.7394724912115,8793.668250564555,85.69744861435966,490.50304408653443,1.5725957485393258,1259.467743407678,19.56695152018953,110.5849489021132
2023-02-13,2179.7326477993715,323.50924204019776,19.109168621687054,11963.411098800043,258.10738951147135,8708.787648971818,90.64738358859564,494.88051945825356,1.5640725239294055,1265.8975283868392,19.416728190827715,109.09314377307834
2023-02-14,2169.148476019142,320.7865965682875,19.338615263226842,12046.769579256013,258.5855492257602,8655.453952921393,90.28973912603804,507.6486456322191,1.563891754611209,1267.948203376556,19.374787593162363,108.11334571471414
2023-02-15,2147.9060454968326,309.08960663499994,19.33814220100078,12191.001704199723,258.38114330904733,8599.213413968671,88.24863053691773,512.3592111528317,1.5664137669808873,1280.7481074538566,19.178898704834968,107.78695665253586
2023-02-16,2138.8086766651604,307.3956536849661,19.79671670764733,12531.646391027172,261.69191489320207,8728.847559486481,88.93821783810027,507.193223035003,1.5624179662614803,1283.4764735611252,18.780691729961863,105.17344557505955
2023-02-17,2126.4667469677847,312.2647144270202,19.960674074356984,12831.324963935478,260.96257003143944,8890.415651837186,89.18527460194353,503.9044104906773,1.5583711423521345,1275.2314188093137,19.25669762000053,105.73500429482932
2023-02-20,2135.5608174397335,315.30907561770806,19.67039922820697,12712.699531420325,256.4973932565083,8954.33589438902,90.2750453986286,514.5502634084859,1.5554828387388195,1270.7273106850762,18.964267531451668,104.60115270716311
2023-02-21,2144.3138586778637,317.82608484566157,19.56622542883137,12700.779094620088,256.6320798556004,9021.298981567403,79.55501660157732,513.7638601364268,1.566695628911536,1277.1355705058381,18.788939774826588,105.19852473578518
2023-02-22,2147.0062934448592,316.7536800678173,19.030587712067273,12876.612428965369,252.05193922237967,8977.892260882301,75.41405024921308,514.1892434060535,1.5668313256103024,1261.0016791418086,18.997426333623828,105.7249176887214
2023-02-23,2166.557142242537,310.6789132470393,18.99517091463489,13153.720333324907,244.0335502060785,9140.28070153919,72.29334625127542,509.96781875315594,1.55942240856411,1247.7467756829615,19.155158352505108,105.2871164204975
2023-02-24,2216.148923046326,313.59572447992355,19.428222886579977,13403.89120986347,247.16763703521278,9165.994285229108,72.84074455799322,517.408942892192,1.552127522580516,1248.1031551682797,18.737672948540247,106.15448588003329
2023-02-27,2257.0596911498524,309.77807244004293,19.702245195264776,13401.027388135391,249.71264720596756,9240.3369828306,73.52087436160696,519.952027628664,1.5503367479849117,1257.8857053077668,19.100426068678168,106.80887537517535
2023-02-28,2200.170332374047,321.14787713464887,20.268597863284967,13098.594631028729,251.80409683043663,9235.258739619818,75.89709390911086,516.5464106785709,1.5523368702307407,1271.3617667796257,19.36471122340446,106.56651392186373
2023-03-01,2103.8399040415043,324.44947041679916,20.152232578492306,12865.189213323227,257.54672883079587,9216.693376206922,76.88090088892673,512.1516194957734,1.5562535379016462,1269.4093802070904,19.45690016494582,106.22879985815632
2023-03-02,2142.089938303655,321.8029610298258,20.70835156364761,12944.942741776047,254.75330173155663,9359.42369543475,72.03994300805847,513.7750627395926,1.5573756789550628,1280.4843013996704,19.25400036187407,107.18680136207409
2023-03-03,2092.5389610275956,319.0211086836538,20.63463534876344,13042.424615821232,248.72968199116988,9408.760569272636,77.44522870097845,514.1851446084411,1.5509889827417302,1281.481089423236,19.064931167428064,107.40741601924714
2023-03-06,2086.5925264180933,318.8976371816745,21.257349474688088,12785.766600997535,248.5331373291275,9536.281311740313,82.5304136115194,518.2575896998123,1.5478596014948682,1266.130235735401,18.974683727919356,108.33050736895713
2023-03-07,2045.5574230755585,318.0275880716752,21.25443454902901,12809.401461782632,247.16810222831882,9562.044494025251,77.49837828156744,521.0234822990577,1.553705330193118,1266.3016658107665,18.4047697540301,106.30103425658457
2023-03-08,1982.6506925181382,324.1179440406003,21.56367499298231,12976.92335221852,243.7515950811805,9493.109926528086,78.79836717029062,519.9927084106962,1.5449818364733232,1260.2994014960773,18.39222729173503,106.40609889193442
2023-03-09,2004.4726568097444,325.4439118851274,22.215992957901985,12708.859476246107,243.51833031004625,9447.178997742376,76.48702022671065,517.6609932524319,1.5415422664179357,1269.8453990322691,18.812672211756606,105.09278461759857
2023-03-10,2034.4912852992159,322.01045863871946,22.136855306517525,12991.486958998441,241.09593641367806,9459.720766688944,77.01993278244598,517.1231749215184,1.5463088460634404,1269.8385392407633,19.235162346433626,105.09212168810967
2023-03-13,2015.9057896175088,332.2644128626013,22.240426807891264,12911.536342227362,233.78054673909105,9410.295571077648,81.18494062138039,514.7724548979863,1.5532462697941236,1257.1741360644587,19.058604550663816,105.71511445896054
2023-03-14,1926.3554628898248,332.8926313224907,22.82802456363076,13236.998838201147,232.12658250623943,9320.695130583816,90.30880671415123,514.3753274767975,1.5519039493716342,1242.4294970880271,19.57827951755834,107.21766256036798
2023-03-15,1909.797960173387,337.3838977100787,22.774212506042964,13116.621654246634,227.7764030277379,9425.793907733612,93.76567662579664,514.6572661198445,1.5488713393110929,1242.4694546864514,20.539880318398506,106.43725577990642
2023-03-16,1925.623725579347,334.4842590199239,22.18709957560143,12876.119192157628,228.7666472811969,9383.437183704415,95.15866011227331,510.7191336034814,1.538820028994681,1218.8882285078723,20.38426315821108,106.01175937775092
2023-03-17,1877.29051207588,336.8034986630096,23.165663501409483,12777.294997527544,226.31999063578925,9398.873748624497,93.55547225813002,513.8317705111032,1.5430239691897274,1214.0887954566901,20.745950209564622,105.95195771069449
2023-03-20,1885.7582579308698,338.856742688953,22.955920373459367,12766.977483300727,230.7298673165969,9427.727396683713,94.41134916246294,512.326474699319,1.5533874622955566,1216.5780923266177,19.610807315793576,105.15016942495605
2023-03-21,1887.5023016919206,329.1267850593027,23.035833748756453,12685.76926573325,237.20229532380395,9381.706651929122,101.05348031495144,508.66269165464183,1.5735965192541168,1206.575212336933,19.00927731499447,105.99776311989693
2023-03-22,1909.5768415238372,340.28634121532264,23.58170326565081,12646.453345697397,240.0537429333191,9508.811428340507,100.82783384469109,507.25845238418134,1.5767976824019947,1216.4512891889806,19.05834694529222,105.95953064911382
2023-03-23,1915.98933874528,347.7687525042153,23.303446029883577,12739.687818200357,233.9003996134952,9417.452451770307,96.45810937590242,508.56903337782444,1.5765542463797992,1228.3427376076945,18.590242362574937,106.08417588250714
2023-03-24,1884.9831356744219,345.9459778676201,22.845265337863093,12711.025135254757,240.05875696113975,9443.429786583092,88.95443933639072,509.15287177192124,1.5694771771568126,1218.6361035281864,19.56841701959544,106.63313262803142
2023-03-27,1928.335433907634,340.27234568556423,22.9683834026573,12707.769807586032,246.67482263157243,9468.157233791824,91.26585350922659,511.29533178882434,1.5549575887625853,1215.9770768042126,19.869062667583144,106.59329210997177
2023-03-28,1925.1495036996816,342.5464604702806,22.16594512311196,12314.018153223446,246.85235389714717,9467.321313593005,92.4013067386539,515.6521896223356,1.556489659427787,1225.9370339511202,20.36076314157571,105.91959525292366
2023-03-29,1926.513990656669,343.3994897896696,22.045290274589732,12418.416383058458,252.56790547253,9361.202864835208,89.46484117596137,521.95268860751,1.5750464485743543,1226.1694197430525,20.352098220287704,105.88738344595835
2023-03-30,1896.6958082994788,345.7393494505695,22.160241489843152,12409.790286588684,250.310379990898,9438.63291552673,94.17421503439957,523.5048654719928,1.5852447695576426,1212.8090383768404,19.85396653725086,105.18562622710435
2023-03-31,1883.8814385870362,347.1824395650019,22.04753317399651,12808.144619333852,242.5906577448167,9505.805787188448,92.20898482813938,518.6979363796302,1.5942790782399852,1211.6615746479729,19.603998600730417,105.29758719600525
2023-04-03,1856.3418329383549,350.39120541517514,21.383758869793617,12594.11358220471,239.57119826201654,9451.96475687334,91.5902999703436,517.6501902196987,1.5963977097866664,1203.6627422522365,19.734987340917435,106.16197639929639
2023-04-04,1852.7939916758294,358.994529868302,22.083158555515197,12180.93369682809,246.81739362564346,9516.14676734745,91.51401810566051,513.1975404840708,1.599429935395787,1214.624258147068,19.428580123252615,105.18978351249986
2023-04-05,1913.0628004993391,362.67125942329943,22.135574600948143,12337.152262158872,240.73588205666434,9552.130176180684,89.92217075212857,521.3035631548862,1.5803218657467035,1220.7705200096982,19.76326643343686,103.92892090826854
2023-04-06,1868.6407550769147,357.0237529842031,22.785151347997665,12431.073087816527,240.8302357366006,9446.446843537029,90.98892356733107,530.9241327337571,1.5865170702811964,1217.9537270066612,20.123944167955614,103.99067297254122
2023-04-07,1817.327821911983,365.2942963884854,22.673760757341793,12207.359467197011,241.06647261273886,9377.876159734496,96.38142895518358,534.2542961377651,1.5820862522012906,1219.5834447387263,20.132489251970117,103.37455154838368
2023-04-10,1868.336118092684,375.4229110017955,22.284872888905127,11869.520059495168,239.0689856769053,9478.23244735243,91.03002912429761,538.6134031255763,1.576702675428626,1207.1284883333947,19.2400494162679,103.42149034015468
2023-04-11,1863.5447100635693,395.27671381778623,22.411892225400482,12233.576121262176,237.36814398550638,9508.466325114518,93.2809073184898,540.0472058222343,1.5743137567807322,1200.1111402961094,20.088823928902823,103.70766271280887
2023-04-12,1843.4468788063375,388.66203307763766,22.32207230423312,12579.297536932596,237.7549499925073,9464.082721963163,94.08732899633767,542.0461021643056,1.5716632364817698,1215.3600895945294,19.98829426729717,101.96468376764291
2023-04-13,1880.5333007900927,390.60478495095987,21.808956830873747,12010.613673045968,235.5878220980148,9394.999543869166,94.81347820754868,534.522577081192,1.5661905458284406,1216.1237179950472,21.395459610502957,102.54946947545312
2023-04-14,1862.3783012625381,378.22251610779193,22.46630057847865,11918.412748291476,230.05278143640842,9355.262695885987,99.03801861543565,534.3807382685881,1.566455818887225,1225.4513272845202,21.753879820809008,101.61467494566122
2023-04-17,1926.9192853341874,382.00476252701384,22.195088594782945,12313.597543463768,230.98766483926937,9321.641356117074,99.28243568581121,530.3717630411757,1.5622455468027334,1227.973575641852,21.64648849947606,101.61683086566204
2023-04-18,1952.9189837528863,379.08553707412636,21.399460303285093,12214.929761555702,235.33535561036337,9254.640089710381,101.69520334469927,531.9292060703277,1.5631856995883229,1241.2011325193296,21.8967624855997,101.10242590755499
2023-04-19,1938.1671582462532,391.3635814788557,21.982111815454836,12113.70337427086,238.93565144182057,9114.341664893387,105.40113121803122,531.8566087476388,1.5517603016602985,1221.7556305722057,20.825051400466364,100.67710996995677
2023-04-20,2017.3289018516248,386.96844966899647,21.768044875193578,12060.852714873543,235.76340286072318,9212.021350466768,102.77633360323804,541.4741449680917,1.5502553761611084,1220.1613756222132,21.37261044101583,102.07115093259422
2023-04-21,1997.8496795563756,377.06449070477777,21.511476537257817,11818.520705660894,230.89380757201064,9296.565237963281,104.32533960060755,546.1780204814299,1.54193511876048,1236.5699511398664,22.79596957433389,102.35265666438448
2023-04-24,2027.1465394882841,374.6439153715956,20.77143724065627,11453.291010506664,229.8729358288497,9194.318175264985,103.02533216393316,547.7974354558372,1.5371513820905123,1246.3144620266994,21.642368767307133,103.11674321508985
2023-04-25,2040.5439716541748,363.38693801909295,21.513866121575,11696.334616781254,236.17644146500726,9209.287680242142,102.34411506838767,546.7015921015694,1.5384077390258084,1259.8513575706054,21.49386800076422,103.26198540307794
2023-04-26,2091.4294264331347,368.1851007122491,20.97241601907506,11305.165112488226,238.87832606973694,9138.464389584084,100.7092590651283,555.2327033736942,1.5262716901984061,1260.0351621887887,21.44377154009746,103.79620559344583
2023-04-27,2153.630386141186,356.61061564364724,21.003246919982303,11369.767607681964,241.8509738332742,9120.624306919824,103.10952396231146,555.3051149841474,1.5201604992378648,1254.8835453767135,21.92472395695422,104.16419393309994
2023-04-28,2157.4587933090966,357.16569127816587,21.39654472322143,11574.482364443544,245.6356385974257,9096.005464717868,103.53130162849662,557.1880443785925,1.5246436990770342,1244.8629705852197,23.11690896776634,104.39732903254868
2023-05-01,2130.9534802087546,345.86717228406116,21.584247929373422,11270.960820931381,247.4979565483407,9064.6737119435,105.59396287476517,557.6229580143851,1.5140601048541096,1234.2333836288692,23.34625049306288,105.34717646451703
2023-05-02,2151.2498986304204,344.47793578891617,21.564979939819175,11085.838461658905,248.1051556251559,9233.25252836068,105.50151697751951,555.8206367082922,1.5277318573294092,1242.4764434769031,24.637783724417993,105.50025627350458
2023-05-03,2127.7182146140185,354.0450241245161,20.849654611548598,11355.689366298426,251.01479664139015,9200.413621321977,97.37010965157337,556.2257307178243,1.537113380261334,1247.8376935444992,24.750408657505705,107.46815494622409
2023-05-04,2208.892183073829,356.4858180872409,20.520879622941496,11482.72608754531,248.7944526976278,9137.38342801115,97.52294678247165,546.7089084404863,1.5334706936997224,1247.4227472143243,25.038824387848397,108.31881000758683
2023-05-05,2216.986300196406,351.98147994529666,20.604281474329014,11360.192951800705,242.98049999631166,9078.516830320481,97.83325986892638,539.362098980371,1.5275994941416553,1252.7550248234654,25.252710207620993,107.35729718169982
2023-05-08,2205.100229140317,352.1929942964229,20.288524108807938,11634.30579111807,246.0838031375084,9167.868598086863,99.02718382592843,541.2784372910498,1.5292956114782206,1254.4343576618212,26.042790651946703,107.2272163153428
2023-05-09,2215.099245888977,352.6822727946969,20.37732168896445,11916.003256654452,251.41719451830312,9036.174465241598,96.13062434537794,549.1917298171476,1.5184194122324421,1264.3807815296052,25.77700854708604,107.58989393164204
2023-05-10,2164.6288947310845,355.75050627366045,20.663264642133754,11989.056907047625,246.78160270279727,8977.956543060098,90.55292179651317,551.1360013584856,1.5034451178154826,1274.3089040378845,26.317658033502237,107.64972782062732
2023-05-11,2129.6547616650537,348.4378666206672,21.071207316853158,11797.54271140737,250.35412388284368,9099.26558688518,93.42554260455526,547.7934421036883,1.5001461612740388,1263.7418001223036,25.527854947143695,108.26454067301866
2023-05-12,2178.784893723069,352.1442886885091,20.566919577607802,11716.940957455705,257.7137385025327,9122.916833804216,92.15615318331695,540.942290708152,1.4992909560386372,1266.7647011358472,25.35453486649741,108.97884887970885
2023-05-15,2155.75979861793,337.6030295775785,21.49707459217464,11792.65744958872,257.80699995870475,9142.344654007855,92.94860052380704,544.993216055848,1.5001489999871889,1250.2146251574045,24.961609227083787,107.82150415496857
2023-05-16,2118.0563211498534,334.5855439722303,21.83614113454211,11762.232771898614,254.34845721894894,9323.20261049668,91.64969568109098,542.4351779484055,1.4956946285560742,1251.796103274859,25.02406727122035,108.95399630537763
2023-05-17,2141.183231259279,332.3471988809677,21.841944137797544,11985.936119051612,254.98290995221763,9347.634615383458,91.62192166596354,545.8027841958989,1.5054027450214527,1258.1140788074997,24.83455571409302,108.54352028461231
2023-05-18,2189.9993845953604,336.1015785705617,22.32981756515411,11654.219052374023,252.70870093013164,9291.961332563924,89.5866483698936,547.940385700414,1.4943401957295865,1245.2098651361155,25.55516378209692,108.04890677422425
2023-05-19,2221.188520931013,336.5933499722492,23.418611074649338,11339.330500693348,250.1730888734628,9272.109910769474,85.35355630561581,550.5243564092837,1.4860081905629257,1241.316338919741,25.0074229506909,107.55377832686146
2023-05-22,2264.086306269601,329.47039980333625,22.761184462029412,11389.749781263114,252.1230250263442,9181.513581842597,87.39942456620443,550.9111890193628,1.489777288350879,1241.6592515250138,23.955304951343795,108.27340946606977
2023-05-23,2236.135089496284,324.6756312404919,22.665668900507935,11295.161690811077,245.44030524847398,9289.600071992656,84.80315050741429,553.0378334901983,1.48129751193058,1244.2337897601285,23.16303536857412,108.06393639818643
2023-05-24,2182.249830939431,326.0678558119701,21.619220635432235,11172.557421974347,239.58469099145654,9341.497376328569,85.50118781014633,552.6646093881809,1.4725812285021764,1241.7120103814018,23.753072869586905,107.51330877805583
2023-05-25,2244.7190821016043,326.014033797862,21.709192620312685,10814.27979175035,239.7591589551137,9440.28608587742,87.27405974493308,549.7334727392358,1.4736371147529557,1230.3673406172682,23.191201765775585,107.1707084503684
2023-05-26,2234.3986820390305,323.3626481644482,21.874983517067022,10829.12035562997,239.76413516937407,9547.72723936201,84.7505845581013,545.2051109390995,1.4660415706112464,1230.0818576317265,23.43004288582576,105.66412549328058
2023-05-29,2227.0039267103843,321.2376212886781,21.864415153271988,10829.094939151051,241.26504423276373,9516.006197710389,79.79958962980122,533.8404411821596,1.4652128725538363,1214.1724936308485,23.26498394764805,104.97561927860097
2023-05-30,2283.6262637152495,325.19330510964653,21.586535525209978,10975.358113775837,249.17985112056832,9439.211678775398,90.09121369958794,533.1842285293037,1.4602406554143095,1212.1572677042095,23.7564838322849,103.96054555090689
2023-05-31,2309.374679159645,322.8657845964957,20.725803599764316,11000.731877629165,249.72284128358402,9438.594204606248,87.74492701274413,540.7415361273052,1.4541084098963755,1208.1263025660369,23.626910883314533,103.75767194302466
2023-06-01,2331.199090047887,322.7658860397355,20.887484426954668,10984.029206085619,252.37614021492345,9368.492527413551,90.5230855190215,544.5240625699392,1.4390474607778043,1207.0707101209307,25.325076401255952,104.33132463404618
2023-06-02,2426.7497445127246,334.5365813274774,21.510879664106564,11243.670403647326,248.3245437169387,9386.165147500178,99.74112548695399,545.8594448064765,1.4401960136331753,1201.9220069514438,26.56376296194848,104.81560423605733
2023-06-05,2401.682372177913,327.36223582849175,21.264488374753967,10977.727646160845,251.68831454379747,9486.082118551596,103.75926658512773,542.482306730933,1.431386099198185,1187.749691367942,26.36316413357403,105.8959131392921
2023-06-06,2445.0622983236703,318.1547275000423,21.458904072117065,11101.273771458847,249.54589102186213,9475.527549054024,102.21222930854299,547.592569216675,1.4303255331511198,1184.5106724611467,26.074670733047533,106.79685373735504
2023-06-07,2450.511648160606,322.52326189720054,20.802575085444246,10765.085355728153,249.94902182854193,9492.123820669107,101.86979841835395,547.2237344825157,1.4268105083213605,1193.6028231145415,28.207066365467412,106.3674589277638
2023-06-08,2465.3443654784655,319.39129288717885,20.999970700393323,10605.568401365897,249.58675189858144,9487.904460369951,97.71598422154631,555.2575991130301,1.4254805702379674,1205.9504390028592,27.464692010919297,106.40496764289821
2023-06-09,2537.1564129395483,318.11888786551623,20.841650169506508,10374.373705389036,254.10996839232692,9560.521930695237,102.12014090272174,550.5965700663967,1.4245566211734657,1229.961264160678,27.43516717973322,106.39853578960984
2023-06-12,2563.5293850662597,314.513396706315,20.532418710020703,10540.190392162784,248.61301187800652,9507.037171573376,105.05284481985548,547.1115091466644,1.426079061816122,1246.9690908761252,27.458805153837574,104.60416759224809
2023-06-13,2591.5970426615263,313.55345936368064,20.228606474753583,10537.631603199246,239.24364350020642,9324.676403877205,102.38520468190998,543.1726406543953,1.4210413771405537,1235.3327613678434,27.465438699512426,103.61118814581475
2023-06-14,2645.2866574350987,322.0305702217744,20.076009260628553,10545.468595479399,238.47252527576865,9368.023011298961,97.18666165546183,536.1897677160629,1.4300414779533028,1231.549183152941,26.30504239080069,103.49331531206198
2023-06-15,2631.121779574339,326.5491701082527,20.236222657028613,10336.365661382235,240.4757221513908,9455.46226952536,90.97382150855077,531.8995950877234,1.417034700487808,1231.5710001430373,26.641648035002653,103.37093738421095
2023-06-16,2594.7872103644727,331.4497157670461,19.717980503013727,10287.958641831377,241.19547792602378,9497.32291677447,95.57368203058023,532.6069310083807,1.4155717222948156,1230.9744747716904,26.010933130407757,103.81624415271399
2023-06-19,2549.5017499536384,324.38026280980523,19.567863998663867,10149.945202295397,246.39974296063616,9446.533853191737,96.15064170755268,529.4156640198397,1.421644995119363,1231.9057718106835,26.969771985857804,104.22286992173335
2023-06-20,2463.796688037224,318.81086219501253,19.557506817601972,10234.39341873163,248.33795094317887,9354.268632151476,97.18976162619742,511.56082825597673,1.4251805552932002,1256.1143534458845,26.013550015060176,102.7774577342931
2023-06-21,2559.764488638435,304.9881001405821,19.13804825312207,10053.52400589617,246.06730653217988,9399.75152205631,93.27181214390399,516.7374745232751,1.4183927059003894,1245.5369191005907,26.060068620780886,103.22538692294165
2023-06-22,2512.44782512688,301.3952923447932,19.84419880362134,10321.089367352071,236.62413635562098,9415.493392539936,86.69036839130544,509.16804823000604,1.4128134992949206,1238.6950521524159,24.662927092963905,103.39364685329373
2023-06-23,2505.466492691141,306.38115081876646,19.51418824125764,10007.68486932402,235.76573216572095,9408.602515835184,90.96487701386953,512.0801574572222,1.4058598985610062,1255.3432681516633,23.376741990251887,103.93134149707086
2023-06-26,2496.007118405453,309.2657878437061,19.26043640705202,9865.357795243839,240.01800821007467,9568.023010196377,91.15628189683305,512.4289676125414,1.4102193803275545,1249.4222005377226,22.89818837314575,104.84315043283846
2023-06-27,2512.8702431563333,308.51079968128926,18.892913522234185,10194.987905044782,238.51904071634075,9490.633845433698,95.38650867805202,522.4965897242379,1.4051522536890955,1253.6130851723656,22.50871449310111,104.7443232623297
2023-06-28,2553.101495397121,308.7401687295913,19.590730243173933,10121.163032872866,238.7293746940005,9647.325575067109,93.56351342574469,527.4167717916313,1.407086532932863,1264.2854602602092,23.35580836323771,105.81444804050155
2023-06-29,2596.0665019692524,305.6919442037107,19.814512269974845,9881.31783356781,240.5417596415995,9653.946443282803,92.46217125876863,525.2370229258662,1.409088138699387,1269.4695057215254,23.339119692232988,105.08524378900735
2023-06-30,2572.0468502696244,307.0326269655809,19.452639582365798,9932.460645634512,236.5202294058804,9499.571148379655,95.81933682087214,522.1375510280991,1.426016299828818,1271.6728344820842,24.112758095276583,104.31403966529084
2023-07-03,2567.400300883989,311.16025572203114,19.893785632942638,9852.998192714442,239.1351207867469,9488.056825391257,99.39302243032427,529.458936205563,1.4283943891738593,1281.5138986792392,23.892065517530238,104.69340631474515
2023-07-04,2583.5909439691,303.5522890784983,19.979792286496526,9707.456087591945,245.98235889370673,9574.174297615404,103.4367376563841,522.6817499458027,1.422755221652792,1272.6451935365599,24.26411589215763,104.40588030202366
2023-07-05,2575.1398149257525,305.34682007431337,20.088880349013564,9516.933767271295,245.35888968927333,9546.587882100433,101.92121703152965,523.7899208703309,1.4125471122629245,1267.855206336703,23.835156717921386,104.64556400347408
2023-07-06,2653.9153763259646,310.27754504090245,19.95693897870108,10040.95081190316,240.79065376024948,9424.482210489712,105.10159929778372,523.3814799748995,1.4107412475315555,1273.5544358752843,23.37401270410122,106.34865727845268
2023-07-07,2680.6883249085363,308.5628649902718,19.665947398342453,10003.072802637555,240.61440717280095,9414.303325668085,111.09464192180911,521.975979623119,1.410042498211467,1252.8942132105988,22.34055381347685,106.70530507986857
2023-07-10,2719.6451149395957,312.38512721492555,19.80518760395655,9653.364874311255,231.7782630892425,9345.69315264589,110.51418318893532,523.8488542560543,1.3946818808613548,1267.427069699746,22.53562596915222,106.90795525286767
2023-07-11,2755.594647103582,327.13446024720673,19.5963271620273,9941.192980558031,233.2028107996148,9390.907570307263,107.71291023648986,524.9532627947989,1.3898517351211126,1270.7611544206025,22.69057224842877,106.18835699049185
2023-07-12,2817.798176829515,326.948215218127,20.327553308450614,10067.348637134119,235.096759509561,9460.285286544382,115.19275196928965,527.329632735321,1.3920588506538065,1272.57233058741,23.142768153441526,104.77494108248753
2023-07-13,2830.38906123554,329.37427162541337,19.82396282179201,9931.72835351812,241.98675396835702,9374.526895277213,111.4843857159185,528.2008573084779,1.388497268366425,1256.3318012548334,23.274429186773226,104.7350951106207
2023-07-14,2768.404619426957,325.8658503135005,20.448603362577142,9766.959930857443,241.28651288594415,9318.893230776366,115.04902795194542,530.4022895883048,1.3953777670474523,1243.7155780013527,24.491110073403725,105.65395946382337
2023-07-17,2791.741480705771,327.17193020687023,20.409249561167417,9902.638502952574,243.06510475667656,9386.32320681521,114.71344682438932,531.0605486436328,1.3846859972396437,1240.004072411605,24.606506220394046,105.40243269946806
2023-07-18,2762.5140799751416,329.95297990493873,20.537858162113476,9866.150813297494,239.6279304301862,9317.776742182947,104.62253531172942,528.1293318164527,1.389519232259605,1248.2893607119836,25.23183665136422,105.76264830282466
2023-07-19,2739.638735591536,331.3474877410249,20.889216689752537,9521.155431641837,238.27564349881243,9231.159190282387,110.69610728484083,528.3596524027811,1.396022693014466,1227.968495811507,25.03572561180956,106.99791996103019
2023-07-20,2772.031973521522,326.3441539554504,20.633750152389243,9859.87774683043,232.26989059279057,9137.404831423315,96.43758322080605,525.1835038373413,1.4028554159652278,1235.9848391809674,24.4808720116169,108.22598829727016
2023-07-21,2837.9152366438925,327.7838180713672,20.999803063671024,9788.693066553793,231.59463801073244,9170.068510281411,87.32961079814389,521.7165032845994,1.3920541477550854,1232.6765256181782,24.931559672539777,108.61961979334056
2023-07-24,2842.410896824409,335.91207187288717,19.89885480627969,10080.912797462528,230.48789340789943,9199.298000481895,89.66281133180942,520.3486112333339,1.3943846744577995,1230.7213421900344,24.88352052242956,108.7892913071878
2023-07-25,2861.687808546554,338.70435139836223,19.620253842254044,10339.112958782092,231.75591652758052,9146.495153505088,92.05715679424908,519.9975940432879,1.3898689384214553,1233.467363374801,25.414168516328303,107.49709669345944
2023-07-26,2954.2696490209187,344.33650867549323,19.266756234331254,10154.479078830187,229.40375811750113,9150.57328240916,89.1687516825145,520.3705804566833,1.3802694608337152,1236.3750307969697,25.647093405020307,106.97790122744372
2023-07-27,2970.662582988489,343.41073558513165,18.795378508357786,10366.14807272006,229.82093400787113,9280.92039705691,89.83024883159291,524.8899501876361,1.3775539176614369,1229.5943365064416,25.15118252892268,106.75924323937815
2023-07-28,3116.8264350574123,347.9384563026298,18.72036406601315,10248.876560038883,228.61354394526595,9203.595115851984,79.15043347796396,522.749533120018,1.3714718593056887,1236.0039909759262,25.84360964816945,106.05497409289757
2023-07-31,3152.4959038594793,349.88128101429606,18.871010681891057,9901.643807605926,227.4197678412783,9046.957358517166,81.99834270945121,523.8860047797381,1.3779381191944937,1213.5238536053296,25.294414802807307,106.28723668186501
2023-08-01,3057.8154624654544,344.9775450722773,19.14382325495912,9831.911975593282,227.8217823405185,9087.72114723825,83.02861526032278,524.652617141899,1.3816156594235562,1209.4008259074296,25.700662484160606,107.94678721853226
2023-08-02,3103.2840106469816,347.12177821450314,19.24204355180867,9916.385915778968,228.06999031657782,9082.328181589142,82.83934816428335,521.995364388833,1.3738147504531593,1211.1308450800354,26.54541519134221,109.28733202492101
2023-08-03,3128.400213428483,342.03344258830134,18.99325249045668,9839.417730630821,231.13281813794043,9028.08560998454,82.9257178980526,522.5508890659626,1.368985908732763,1208.0348051975634,26.299296137437267,109.52266634269412
2023-08-04,3205.7219087276308,338.96011080989945,19.139688532387225,9791.969560140655,230.75154848091114,9084.857929127724,84.99631909621189,527.4989459633593,1.3665191852884246,1190.7455563872509,27.078553676550374,110.22976928881839
2023-08-07,3248.6988874641866,340.3626565763286,19.193080561647687,10017.067337940058,229.47487194457963,9157.398117851988,84.8735816443749,528.5965223289193,1.3661611689991253,1198.2280589108686,27.357274133942905,109.61104713393298
2023-08-08,3244.503604880815,342.36163631593877,19.561648692225166,10047.398623821735,228.86213838914028,8980.787630595836,77.28192503681852,529.8874780752133,1.373190180352687,1186.5580788817626,27.95458006775494,110.92462085816076
2023-08-09,3177.5961965133292,336.27856368800485,19.87394712077363,9897.587986057919,226.1889058030598,8931.766634241172,86.25229905073097,526.7450858799451,1.3780790590839793,1186.154584789469,27.384089248383123,109.56907217311905
2023-08-10,3169.464287943631,342.373979667492,19.8920312604552,10040.527631628715,224.89913840071836,9123.667421325388,91.58951061518212,536.376560777552,1.3785710657792267,1187.8452008848,27.53945396616531,110.39421937942961
2023-08-11,3125.0591502609054,345.9020864501256,19.544113712824462,10088.39246052594,232.89360678642907,9175.367953198194,85.89018134081434,533.4691513052863,1.376913305617035,1188.2712590318863,26.59485120730683,110.85493885417016
2023-08-14,3096.287425141167,342.40015361217286,19.29633437509042,9626.06968765255,229.39976656732517,9235.062947089902,84.42070214198745,525.7317989075873,1.3648949810367477,1199.6761133267894,27.76566391367553,110.20867502616706
2023-08-15,3133.022521042865,334.4471052118456,19.09104471337013,9714.442694710162,228.40697810521937,9336.799039837679,83.43024955159463,530.029598797319,1.3738781083014693,1199.4048966440487,26.41019707085647,110.04675493083361
2023-08-16,3232.5021001244368,334.0398385276586,18.97674031438629,9796.826054083996,226.9981169707579,9341.969504272956,88.0542785804312,529.6940090563609,1.3709473453827203,1203.754181147796,26.18486030438456,109.07451785436615
2023-08-17,3259.45684290363,332.029945942525,19.08447245216019,9810.3775850546,226.1367273818499,9412.958042419783,79.0428396561778,528.4626452059416,1.381785073847422,1203.456611060814,25.589668042082508,108.14773167546565
2023-08-18,3193.8742354729534,332.9976426358448,19.365217250121297,9987.98702830556,224.9568793501157,9477.777174805426,77.09508779379806,526.0846535019213,1.3832789637817473,1209.6143308505268,26.032771543099177,106.80126235926598
2023-08-21,3223.4026389851037,331.432955793643,19.35123337478173,9871.063472222726,226.11773574030403,9527.679435447768,70.59841855870764,535.2358921489493,1.3974975355218089,1223.4191690147086,27.323710369125642,107.4805453301691
2023-08-22,3297.54050328483,321.3099502725644,19.363283185558718,9944.315601373164,219.7263352841524,9503.907969951328,69.59919272111762,537.1615472477948,1.4018808092830677,1225.0110581042059,27.78309422768794,108.5436739932737
2023-08-23,3265.4605070322436,319.67110917079566,19.42468693654913,9662.272447021034,223.72435958052498,9522.444676413656,67.97417976869222,540.0418535485421,1.3920182494531672,1232.943837707732,29.926961809330376,106.7039475520216
2023-08-24,3261.5041585130675,318.4618786695974,19.231059866386843,9747.039333624985,226.23372903554298,9475.943799934614,68.24557707160378,541.0491817819563,1.3878872054039693,1247.6319384298388,28.922253104090593,108.30643802900414
2023-08-25,3266.283763193268,322.061124136277,18.884072240912754,10125.649053848389,221.5924418609718,9480.82828457332,66.21247618551173,542.5827618906192,1.3868526786431992,1261.504150589497,28.00496172963786,108.31769534691229
2023-08-28,3224.3284794945243,318.8338622890609,18.238049985467175,9945.989895191236,213.29272831067604,9385.399773600837,63.77222416460988,549.6755811576535,1.3809449420061735,1257.8733330589334,27.39481723008615,108.5908726336573
2023-08-29,3266.0906602403593,327.8738576307217,17.991637796276496,9813.246962882815,209.8630776848451,9322.58219889102,65.7789956431551,548.6554011383422,1.3784817347999883,1268.599990732517,27.48622474200073,107.34071797860491
2023-08-30,3262.901030393171,318.34722996801077,18.168148748204082,9691.43892162677,209.0827229402323,9302.645684563968,67.29151889163522,541.7247991764804,1.3692292708961913,1271.381484320346,26.797588478326364,108.502657042739
2023-08-31,3291.581901282073,325.45408284663495,17.919898856862858,9725.126301222912,218.54565486825447,9227.65997955188,69.17255129916447,546.1920281283691,1.3694053738747636,1283.0524071825828,26.30661247425894,108.69835518274186
2023-09-01,3243.30674961634,324.6450013004496,17.840222920795124,9540.20703978488,220.66160035286384,9189.489061469241,68.5634176361988,548.8586434449435,1.3711690151185048,1289.1602131739864,26.725880967949088,109.71512921466922
2023-09-04,3221.7321885580764,329.50305963762554,18.01282939862004,9626.492063109103,214.06961884958696,9179.6126045569,66.63115045666778,549.6120944656933,1.3644386855163884,1292.2648200698388,25.918399541118557,110.81411288192375
2023-09-05,3267.816504060058,330.28716180098763,18.20685257467494,9792.422248930236,211.65913782471821,9216.592247954019,66.23636078122935,552.1664417747769,1.3778776714641074,1297.0184496447873,25.20199664075332,112.02624051481952
2023-09-06,3249.85711050043,336.7346905577377,17.823314101519816,9902.244451549223,211.55235915047032,9299.388828380395,67.91708834363834,550.547274365631,1.378453146895268,1299.9295019691087,24.95963086501278,111.46904042087141
2023-09-07,3356.4919924101123,335.0224553541013,18.18775505355441,9584.637445971339,212.5516779744292,9264.358527889994,60.913126120128844,550.8701181028072,1.3729727205712887,1303.254631025668,24.77781453402775,111.30600297298776
2023-09-08,3336.4351857633924,329.5472140569724,18.608073955918233,9777.362222563965,207.93684808834567,9380.101302822588,62.12536027804895,550.4376883567236,1.3619677943614843,1301.8600365766808,25.41905451377277,110.78479939172902
2023-09-11,3353.9784976383194,337.4939898424677,18.197761154723665,9963.014805844867,207.5432153566923,9463.459960442857,63.09308609937323,547.7343268898383,1.3625123013816316,1299.5008698786635,24.860571555556458,111.60326959881013
2023-09-12,3414.851090023236,337.2525350698455,17.90574902113642,10131.534456235824,205.1086255280956,9510.295104368428,63.28945567847025,553.8494613986135,1.3608749430721618,1318.2243530374253,24.42423988770697,111.92326033037342
2023-09-13,3332.7683807974586,338.8226951919933,18.342919639073653,10213.76975572879,201.37640607860456,9527.265582816603,62.81871679594955,547.0731877116497,1.3663501189367506,1323.5345762709737,24.78944183580474,112.90724260809029
2023-09-14,3232.6710487760247,345.96339620570683,18.29461179177602,10266.851279441658,202.34799240128717,9558.490687951025,55.25435152473242,559.0453133920622,1.3655075439541262,1317.74168645601,25.298691832933837,113.93960532592854
2023-09-15,3148.8803081676783,340.6725303329091,17.505428274316724,10480.703258686326,205.10968027692607,9665.021112883145,54.05242639597488,563.7025908779086,1.3575174030737975,1315.0834035728092,26.226511799022582,112.39848449660334
2023-09-18,3225.1306007507833,344.31245641149474,17.02729066021649,10881.70063680121,208.1465842598068,9775.952211455622,59.11155198224704,554.9760787491103,1.3690419438759116,1326.5083058004097,26.54386927882518,113.64239309050362
2023-09-19,3197.086732847944,341.45340670689086,16.94766383251369,10697.122380953235,210.2730935784037,9898.072434714839,59.14969506348474,554.0791322255503,1.372164346990462,1318.9825742789794,26.6385099216902,114.53305862625923
2023-09-20,3351.766721255606,341.10710635319197,16.562964428699978,10929.430007385476,208.58608827320668,9905.71611732576,58.247836094795105,553.4606193819169,1.3705591085376392,1303.6974775964445,27.03233846962901,114.21809147361623
2023-09-21,3321.8808032428556,341.8776711185601,16.431507305902695,10922.457891145674,211.21977843985374,9959.298930260615,58.29709437660162,555.6383210736727,1.3718249828760063,1289.3482366085223,26.86027824857797,114.56107031655303
2023-09-22,3336.9361077836274,334.1364480026883,16.44709051521529,10906.481424411992,212.41738170974884,10084.489991699433,59.34043208678039,550.9329844728692,1.375217867211783,1271.8913479033365,26.684406281725888,114.47067646391194
2023-09-25,3434.9797557298307,330.36167654121374,16.94027097523971,10603.277542957007,212.98678740465095,10032.051875062924,61.327717890362,551.3122825354832,1.3655644837739667,1258.9959322106397,25.534401019579484,115.05924100195747
2023-09-26,3565.5585018816905,337.9524516852689,16.84720229231547,10556.609500649449,210.86779007215324,10007.34579830616,60.62988361309145,550.9319671800249,1.3667782874876464,1247.4077481994973,26.118973428463114,114.74083354928095
2023-09-27,3704.794414315879,343.15569625582714,17.217657274027715,10368.829295856232,209.17776811600461,10012.794579348389,61.93180625354423,547.5056409397663,1.3638420288825572,1261.5605616634555,26.26529471412768,115.2043354600885
2023-09-28,3790.804859928526,343.189247117427,17.722068062456575,10288.130872963646,209.5244698011692,10098.229604119802,67.34754297251749,543.4197245001269,1.3674425425851346,1261.3468288953895,26.788547304451136,115.28943864838595
2023-09-29,3865.9656133354197,344.9060327929756,18.243280848798456,10085.768260689982,218.48522660116444,10185.821162463406,70.82265679143269,548.1512411996184,1.3625273604490022,1257.938102028259,24.97509665090486,114.91448843727578
2023-10-02,3912.110394376226,343.6638952732785,18.35297949161866,10010.115059304688,219.69484638430615,10168.745954184287,79.6143196266442,540.0609446216939,1.358549816099501,1243.7445767615282,24.95318955083723,115.11243690419035
2023-10-03,3972.070401876404,351.5913154073416,17.651595016069372,9943.111411101183,217.51097674834804,10035.626472289983,77.04236409116957,542.6056993921601,1.3700293659830942,1242.5697794174503,24.432265469785683,117.65553019043811
2023-10-04,3937.579237161478,350.85176911517215,17.820378211132873,9971.373465986328,214.54053534876928,10061.910573946716,83.7775380282443,546.7329620212513,1.3786251508832073,1225.6643376045085,25.374346331545247,117.03544369360645
2023-10-05,3884.671979800562,352.54324568748046,18.203441025428415,9679.769480243143,212.8395646055708,9983.085583992712,80.53011766506417,545.8768886961611,1.35623018652899,1222.291867132252,25.774718272568194,116.82502209827447
2023-10-06,3889.1001522339957,359.46247112027237,18.17940393638438,9426.955973743581,220.95358408458887,9854.052515331474,81.96641205586332,546.3527488484366,1.3642335090690743,1242.8953669587645,25.933873850267,116.22551266609887
2023-10-09,3881.8602489066902,355.40992303338834,18.830558057289043,9501.49935805875,219.5467710368352,9746.497107224008,85.02398394417183,552.3248018037539,1.3638675886919411,1249.7631580305235,25.663035794344346,115.72615268980167
2023-10-10,3854.943611126946,364.7865773686666,19.162929357240632,9367.987473094696,223.04690569911028,9779.079690793837,82.88006154938056,549.051705712616,1.3591827073889664,1247.9168916534502,25.92692148335514,116.50717304235467
2023-10-11,3908.256448709302,356.35416451776103,19.387782848347104,9570.776633588646,221.71467525308256,9903.564221497312,83.2453885902554,546.3051742715967,1.3524904828136064,1255.1569987267928,25.339823957211255,117.1997685095445
2023-10-12,3980.8160949256544,366.1706034975532,19.819587806368382,9621.445178263772,222.79040594292726,9910.99518269085,87.1225536566111,544.0920236715357,1.3462219408710492,1250.1809713582727,25.284311231203162,117.2177122268756
2023-10-13,3991.9433649277294,364.3943080590002,19.958160929894632,9742.745537950474,225.8997045258625,9933.84080469656,84.08281829577844,550.0484273643495,1.341787160330529,1242.4470917365259,24.928831103015693,118.20771417874859
2023-10-16,4104.45805164578,363.3815431286549,18.993217065391075,10017.425382317157,223.80357437461362,10044.178829126273,91.40237092311192,556.7058301471164,1.3343799995903503,1259.7533313330284,26.390055422544545,118.98422401087207
2023-10-17,4025.798630125261,352.94534062575104,18.810197440714514,9968.614519207964,221.4661749776078,9909.492652557672,85.28866715237616,549.9756231591757,1.3255053273822723,1248.5435797102691,27.386109835663998,118.85357098408689
2023-10-18,4016.606686533344,350.772016589196,19.271792539436074,9870.261642311483,227.8917313621912,9959.976770572977,93.97475281330483,555.2009511965082,1.3187599525008697,1245.2605260516223,28.132124152582655,117.42752344930526
2023-10-19,3969.8751132034827,345.3642242283988,18.96870799040065,10045.137746017072,231.83101738620763,9962.922290899733,98.799492276768,559.5317634068857,1.3210261677751156,1248.5626780452492,27.111401422261743,118.23327569643303
2023-10-20,3843.3215414388633,342.3991771302319,18.88978355896001,10153.002441412411,235.06220056005424,10017.81440281339,98.35724297608263,567.637295500512,1.3214892035078112,1239.49390913406,27.71179913098619,118.4175458291198
2023-10-23,3842.2138546456345,342.0237795765175,18.504695250368755,10127.051329279968,238.32465942415485,9978.308562229182,96.39677786908032,569.8360129070259,1.3252996269351243,1246.2113118236937,27.850473019840653,118.46229097408633
2023-10-24,3838.406359720709,347.6877932978204,19.182587166145026,10408.761404862098,240.29002773240606,9909.086431890872,93.98370003245292,569.8369582187398,1.3249923928994518,1243.4070614002424,28.72409892629595,118.04504703437367
2023-10-25,3949.1460487390173,349.22855212917426,19.844617233684353,10377.243174942356,248.77498954227855,9925.594636159467,93.34773267955124,575.9709537334415,1.3164955523521977,1250.2787476369433,28.965235402436125,118.77411520846923
2023-10-26,3999.0385737610836,351.33824186182835,19.502748811940357,10394.095988067986,249.06035897125057,10078.046655133858,93.1216579465483,579.8371950813622,1.3198862071503505,1256.4049116780318,28.969060756182387,119.12953943783242
2023-10-27,3930.7042678125554,345.6135008954211,19.56615680886325,10408.691537247969,251.61716172119668,10160.499970074658,99.15339550931725,591.9081387001586,1.3134037891761268,1254.21552938682,29.14761226419389,118.92783057904255
2023-10-30,4068.979695766827,341.1523104675962,19.30745902839354,10235.72342249871,245.58502297774797,10118.226643626069,109.40983720851162,597.2763011564626,1.3177887615806585,1271.7521182493824,27.869479494222237,117.79115777137764
2023-10-31,4164.394494362751,351.49962209097305,19.552250446963978,10261.079208826295,242.2617810516479,10000.845779196105,110.50599817564269,598.3415556071125,1.3102599482139223,1265.2539890834382,27.348100729999306,118.8255724231935
2023-11-01,4213.31034611202,347.77141815015,19.758505437951065,10547.580146650032,237.4613701827497,9854.528165516367,105.9310464462438,592.2890730040718,1.305894397573733,1279.2370527391274,27.612828674471395,119.42587447616235
2023-11-02,4201.207275065092,357.50335674785805,20.087910474109446,10647.774057441406,242.75775164872826,9975.937634959435,103.07965874408747,589.4362432023258,1.3036671918340907,1291.5761749955443,28.419205901473497,119.69407407172687
2023-11-03,4134.233837674793,356.50767643958585,20.227772454417497,10664.719671998435,232.54200066145032,9894.511567176696,102.14031813960568,582.1004138869398,1.3082014225429812,1310.2662636789014,28.039180982230796,117.20035578841858
2023-11-06,4111.559110512558,356.9131159214673,21.457294516066007,10642.628452114572,231.04941059582717,9869.513836450978,97.01265468754012,581.2072506782752,1.309484070349181,1312.3544572112125,28.018995218763074,117.18826671977449
2023-11-07,4197.964552046699,363.47779990845834,21.026975961014887,10720.458893096356,219.67266985479156,9991.567584091763,91.45932707227652,586.3061042036965,1.3097460020130878,1304.3621324645248,26.927763903608685,116.9857496119076
2023-11-08,4348.027660328314,371.3587218476466,20.325863026345335,10885.150575130245,216.67676479107323,9851.42763825801,101.57025445879373,586.521294691869,1.3222853571493587,1326.4795879520186,27.936683333962232,116.43162184179255
2023-11-09,4475.869857353452,371.1088811506257,20.172742497070413,11022.90152829144,214.96184509791837,9988.623178185939,103.11876657565921,592.1763641534479,1.3103269090050549,1323.1971545239057,28.73408886778655,117.15970990979469
2023-11-10,4441.985338333834,369.21665434368936,19.55581229872821,10964.575129854642,220.17074441529763,9969.834649940354,98.91142382615139,594.2158674379273,1.303671828702762,1314.8762493626537,29.215130673616525,117.8552204970649
2023-11-13,4358.588694232297,369.2924522682239,18.98640698195954,11043.483036849892,221.7489821897216,9871.252540950605,103.03357637533549,592.300931480452,1.2967729398227965,1313.143997994591,29.52262455628185,118.29145348455803
2023-11-14,4374.902629386691,371.70339246812455,18.615545440879288,11155.797731020228,218.71786801687912,9853.242520333639,97.13848231368391,593.0053745791914,1.285471481579348,1303.1321783507028,30.700244850326314,119.30158934477087
2023-11-15,4242.9227298242095,377.4571540906086,18.28083475532043,10955.292073300636,222.80657282285145,9793.28767480685,91.95846527452684,595.7685975610273,1.280983273204995,1308.8906222124683,30.097597622365583,118.3535419366187
2023-11-16,4272.800101066644,377.8981598349065,17.9405025291435,11001.36123921071,222.9632939844319,9836.152200471828,88.33928307781862,596.754223760545,1.2855245061278187,1302.8244716124632,29.427108768298595,117.9483752320029
2023-11-17,4266.5798190645,382.07881971770723,18.132850661457276,10569.307058158727,223.19499212583565,9782.855414900077,95.95799606133063,597.8031392613686,1.2818554184884374,1300.0915755847589,30.227566652953943,118.0425755112639
2023-11-20,4236.018817924302,392.6586570689139,17.955589616068337,10677.325499840188,218.7654995713918,9619.830319810875,94.75234105881991,593.9172798925673,1.2798508646975957,1310.4583160902605,30.997673263435352,117.48014641809941
2023-11-21,4121.096278161997,395.49637880551995,17.896607579481344,10822.950209247063,215.2004985086092,9604.594362699927,83.86272216614356,591.8441048707065,1.2690020257276682,1317.2766761784526,30.095472826202844,118.18919718565718
2023-11-22,4164.365890367607,397.9108864692579,18.22502828123655,10988.752780719891,212.28792513688455,9491.841669017722,89.09333238318587,604.2387558699401,1.2640845156964304,1317.7044345031195,29.707239162652304,117.72002075127963
2023-11-23,4129.57873972275,388.7846159094552,17.953218081652874,10917.493216587492,212.5406644807311,9513.116560649916,87.73890630749911,611.2008383009436,1.2612958736440298,1319.7708804679871,30.997857439301807,118.97293849880222
2023-11-24,4048.38039497437,373.1699035691824,17.863838272017546,10992.775396751056,212.90741283410196,9415.78337776862,79.98947233594626,603.3883633144012,1.2654802136888985,1320.1642881512598,31.327921808312738,118.11358951661602
2023-11-27,3849.0107946125618,375.90927829543034,18.00039425889399,11305.545957004711,218.65758446572926,9378.269415409326,78.73287988735859,590.9068086115448,1.2550520975553974,1315.8817181559677,31.960117852498364,120.16942880164801
2023-11-28,3851.724270592129,375.75248627614894,17.320006958856744,11624.965936688457,220.18165337538596,9397.451532396857,80.81083480397157,591.5487233309285,1.2523252709201314,1316.1183174731277,31.05664033167317,122.16065619566857
2023-11-29,3981.3519170541063,373.0804658988464,16.51822298373927,11630.14855647365,210.36082825190445,9383.25211624624,82.4600149824632,596.5632723407438,1.2592749642447902,1321.5608085008469,31.580149977373836,122.09250649105752
2023-11-30,4107.128428547622,374.94922091777534,16.63795516815451,11672.641998313195,211.38670893416185,9408.187143997153,90.21847763609269,594.0157487357197,1.2566013228554258,1320.4917059302636,30.488215115720635,123.24181129779807
2023-12-01,4078.365814481958,374.9992951049258,16.807527086366974,11933.566274294457,206.32217878914,9469.753406857679,86.4525635115787,599.7427184004398,1.243503633985073,1325.1985705427392,29.024627250954918,122.8722191232057
2023-12-04,4039.23999985023,382.247624495421,17.521193925536327,11609.687587700848,203.0429262487759,9375.327121041326,86.65475328612258,600.3048753054172,1.2516075756018472,1316.6214693012898,29.565711191342892,123.89708216554521
2023-12-05,4078.3581452153985,383.19592202800186,17.58195561797963,11550.184921272932,200.33892053853702,9373.643670967127,83.67610115260071,599.6643608767029,1.256340676150811,1310.5380962020033,30.654406285468433,123.74752630460245
2023-12-06,4010.5306094826506,379.0604274629642,17.877946630994817,11858.88393667723,198.17169145610268,9100.563658650466,77.46635880448154,604.0005670392967,1.2619400463247623,1303.122424118487,30.469669966322652,122.50598581699418
2023-12-07,4037.2178684674436,385.5374332542161,17.813533343482074,12092.749961471269,193.67010925268698,9124.49314188257,80.97335344963737,601.3566911675177,1.2511102259594267,1297.5037138073662,30.065189108569598,119.11594507245863
2023-12-08,4098.189346409261,384.62321556399604,17.925118781443924,12190.07514632571,194.4189638458446,9103.46422054327,82.87086967456979,600.0469473322087,1.2607334017519711,1311.1959330038446,31.388425517550424,118.88393006701786
2023-12-11,4194.73451293365,388.30409441791335,18.538472176750684,11858.101351655077,189.88750143091724,9026.854580444553,84.05467935177946,603.91858938742,1.255993931073257,1319.097719514039,31.245320677194066,119.17346724199803
2023-12-12,4192.206800542586,385.77342291498894,17.772783912526798,11858.714497422274,191.118785507944,9056.162376676037,85.86764004260198,603.9895156775348,1.252924027213736,1308.043582065873,31.203348368233844,120.4726397352982
2023-12-13,4181.881021629675,382.2034198947915,17.925792879394248,11738.271893589437,198.60613784603842,9155.91144076792,82.97450556649565,614.7009110978396,1.2486539805043375,1312.892290037722,32.56292395671538,120.53204742047338
2023-12-14,4121.253909105745,383.1396987492238,18.713634077793902,11824.153480676776,194.24583599538516,9120.417395168219,78.90531934474751,618.7988466269182,1.2547054469926116,1309.0581379662356,32.28603290435022,121.52730284940256
2023-12-15,4065.243397353291,383.6401215392628,18.82513674468057,11655.366964138455,193.3859392689689,9046.810273708663,79.05398812174434,622.5597323174604,1.2537033480637727,1302.191772033402,31.771956468659216,121.11099267433264
2023-12-18,4053.566040383222,387.0222412199856,19.46279115646342,11441.85374008882,185.33946737174423,9063.881654636138,83.77977108047202,622.5313804631651,1.2568524685816953,1287.0630374506984,32.436091378003525,120.80880696853153
2023-12-19,4085.3588761152796,385.78639296072623,19.225167999080767,11012.660579981575,184.46748269350172,8959.16478787443,90.79420299475919,627.7028147498222,1.2574552802825505,1297.3688566973149,31.87351233025494,121.8561771718398
2023-12-20,4158.082788515903,375.02851895965335,19.218614297600915,11282.579080015284,186.56867352833297,8909.637666049795,94.47800680956745,626.133344992187,1.2569835589664333,1283.547016219321,31.768025354540534,119.50092092112031
2023-12-21,4103.321955852507,372.85055834723454,19.237274901921232,11208.408124654496,188.9439217871602,9011.803284182766,94.61592446136544,627.9777647214478,1.2511722722309837,1283.2701780246855,30.746658660508235,119.53723925915106
2023-12-22,4220.127213719079,378.0319768846884,18.40823237985355,11253.171409091667,189.2682733498366,9020.455279003023,95.90086417399198,623.0695326339162,1.2626865486506302,1273.8466188388659,30.898766194037634,119.17920177206284
2023-12-25,4204.6247405991535,376.65165554426227,17.988531571946545,11263.95120811746,192.22814513988882,8872.704060772608,95.95647334697867,629.1773009307993,1.253606584372003,1282.034037044292,30.960701021888816,120.50763925982662
2023-12-26,4208.054542228367,375.58268070674393,17.60348543223346,11048.848595301044,200.8113378577129,8733.853485120468,91.15829665956166,631.0774121607939,1.2563188964752838,1278.8651632831516,31.72862271194891,120.02345438699562
2023-12-27,4156.821113225519,381.97710007463235,17.900671747226692,10798.464949221945,206.825414533267,8750.102817956744,91.27070656130886,642.6955666226779,1.2588130047793842,1277.7457496760278,32.42567708559399,120.54460575386017
2023-12-28,3984.111403263741,378.0661149971372,18.221118928245204,10604.760481210415,205.07836482767118,8821.8091330188,85.37800774331049,656.9460107934284,1.2662262227040404,1276.9718310878081,32.8857213415075,121.46085045986398
2023-12-29,4052.8774856858286,369.2538087674934,18.345091231400616,10470.510708510994,200.1612728327639,8697.784803741833,84.84997404225807,661.7393285144661,1.2751724812083063,1280.322604349213,33.22142350490004,120.04314555671394
2024-01-01,4111.920972754884,368.7113683320445,18.655557459881884,10554.246815298975,198.86353419941565,8736.5535955363,92.08296289397832,662.4118832633724,1.2744242472572067,1280.7119303983986,33.17058871647349,119.93336081632334
2024-01-02,4096.063593002415,366.26875056423756,18.5999910692479,10406.282237267726,195.7660110094366,8845.323294221564,95.95054499470729,657.0584384951383,1.2779362567609318,1280.5247225533979,33.69004861704854,119.54384053901879
2024-01-03,4105.929901181692,361.0467365153511,19.05824343007232,10768.153274411838,197.35280848465152,9000.495297758573,91.62250627681152,662.6955673108487,1.289392072832421,1275.480177637053,32.77592316992503,120.47635583039664
2024-01-04,4149.214968287682,360.43129595608946,19.067312905998406,10991.353043701147,193.50681719305254,9030.97751713961,91.29129971896546,664.2165802143843,1.289100852898868,1259.7646056977035,30.915882368099673,121.15299534556155
2024-01-05,4038.9846117443713,363.6767592408354,19.09511959399339,11172.637493563101,193.3447300108691,9075.893540763138,87.561085881002,667.7077547149387,1.282373675678106,1248.791738890555,31.836645041673076,120.95136891167733
2024-01-08,4005.5078579637047,364.0229197720114,18.99965708979022,11158.41798212454,196.197342148185,8906.87256665953,87.28782449724504,678.4553507948629,1.2800388821519715,1256.2414827081639,32.38748224512005,119.96611052267829
2024-01-09,4068.063723731677,366.21790651319037,19.26731121758441,11495.61344467468,195.94013336460415,9080.424568625647,91.95197009670042,673.7094007335745,1.2718432474131267,1253.4224339969376,32.29451290933089,120.99079449553525
2024-01-10,3982.0228067262633,377.4141223706326,19.111418130539192,11459.549685067426,192.89033897234052,9037.12902525691,95.00378885365402,668.3955401282744,1.2743373375079325,1247.031190656065,33.18378330897159,120.94951679174545
2024-01-11,4007.926301882807,375.762385668971,19.494153339378002,11464.203586661879,196.86016897435283,8965.109290995202,107.5680830194952,667.2416611017808,1.2812659200778436,1233.332498123565,32.59222837726249,119.41755648834938
2024-01-12,3915.940393875074,377.85501686222705,19.063425596063635,11512.794307270517,190.74758289295346,8948.11989503494,114.17676842081788,672.4603167214058,1.2806187784604948,1216.7248219707242,32.032036842652886,117.98614310109794
2024-01-15,3953.6976029692114,375.20147747898716,18.65460969074575,11679.014550618353,189.76348530239343,9074.32051850052,115.34733337783538,676.0972362491474,1.2704086006824105,1210.1411692717277,31.37254383432098,118.42362685282016
2024-01-16,3955.906175151342,370.5622324474203,18.918529129952958,11833.030982065846,189.70500533834766,9260.15620939735,119.31957113509189,670.937313228324,1.2770424720294973,1219.012914101025,31.830458938001577,117.24453590159649
2024-01-17,3847.1681172751337,367.5145379783541,18.890722617728695,11738.422977634453,189.8322351723124,9274.322832883618,118.11789155480014,675.7915603413043,1.2658772257184945,1213.8351381818106,30.604581123463834,119.02564618730581
2024-01-18,3933.3938649252655,365.111483009784,18.72562874058966,11631.775212897202,190.49179871714085,9361.75107308461,111.64319134946281,668.7924483975672,1.2562556207250497,1217.973932424433,30.03236602192563,118.1603289074111
2024-01-19,3886.3871920974057,367.62167511802323,19.067670579274015,11785.839304714958,192.55592272927348,9369.138876957482,119.17545550660739,664.0344929665648,1.2552614468703551,1212.3544416180864,30.259752919671804,118.18362228142963
2024-01-22,3834.7162396928416,382.12186085137375,18.84314208935389,11959.049199536132,192.51704451812054,9285.750590983444,125.34204961396752,663.6102335839307,1.256968414132585,1218.81030367141,29.371204810682247,118.35782269198661
2024-01-23,3853.20660236011,378.1847641394558,18.773475720994462,11881.880297658607,191.39276960807732,9413.753174642447,123.8404057655005,660.5772660673621,1.25975094510305,1215.6284861770491,28.899000392974497,117.69274937864853
2024-01-24,3938.4260258298114,376.0856331988552,19.312056050634936,11540.447082342467,190.14723309604406,9364.936697016332,125.54829097597036,666.1553047662109,1.2594603569018763,1203.9479820338452,27.352770360151013,115.62576286518278
2024-01-25,3871.7103678407084,376.11949438595684,19.921756254179446,11506.579434140118,188.2560330929724,9499.055316609985,133.5849269600137,668.1416754476306,1.2707198613817656,1201.6006189341565,27.7785178521627,115.82563970810321
2024-01-26,3880.665277537041,378.92552381886895,20.56437845619694,11655.357979103012,190.86972952611455,9614.565856325346,139.35923223835414,679.1148714486546,1.2712611021279043,1219.6043714610391,27.313118093228056,115.15281063359963
2024-01-29,3915.4305553738955,380.94556529940235,20.454805901910902,12074.175392563016,188.8588983821987,9671.714083813598,129.5283714020508,677.8768419187885,1.2779826015966718,1237.441071070529,26.580691580109953,115.28327286335761
2024-01-30,3969.3454226353365,389.28122442665085,20.970819429101205,11814.265068567258,191.67385881640072,9836.169181648513,131.1158052719676,677.4026165369529,1.2831493874568687,1242.5153852564688,25.741629430764963,115.19354266400356
2024-01-31,3986.7531316153168,374.87016946492355,20.582740068706034,11730.623923353118,191.81248613256446,10039.802459823417,130.02144080558165,685.0961863783115,1.275008883768907,1241.4020059692486,25.481537384824364,115.45952358746892
2024-02-01,3965.25690844864,361.22060769731377,20.218839259022964,11655.803191099596,190.19634405929096,10027.99065582273,137.4622592277458,684.8096793188189,1.274054702481246,1244.6727018884806,24.501890458259922,116.93462107422916
2024-02-02,3911.3165194890016,358.7604238174101,19.29615183618858,11971.926916398119,192.28330878433528,9959.243365795146,144.7345735947547,694.3575339681493,1.2877816621882847,1248.081314926136,25.72876863722254,116.44808137914806
2024-02-05,3922.0897567695106,365.51657448485236,19.95865838297896,11975.95149492321,189.9960218508007,9797.455145131788,154.59857664788726,698.0246800462763,1.2846667447541233,1247.9326847570394,24.246957670705658,116.0353357251817
2024-02-06,3851.7443004758484,356.86631971841604,19.622629299795303,11783.042154461775,192.14537807861436,10001.39729952041,146.1943955572117,683.6727600346976,1.280468772608378,1252.5930995041617,23.982530606015374,114.52216495100133
2024-02-07,3658.824064930204,340.4741277700954,19.57890683337505,11920.702597774383,192.9186518538597,9965.884148367906,140.5736619597947,691.2333846452891,1.2816894845152318,1254.9323880304328,24.05392890211445,114.36635236611612
2024-02-08,3692.1165283246132,343.97810605127137,19.231437656364733,11841.241386418198,191.04921926795527,10072.238810720295,148.62639746679443,697.213765332228,1.278818388693118,1252.0145799908898,23.599224988434155,114.76492122207232
2024-02-09,3757.1876257897593,345.70179031573656,19.506536663172373,11580.528528437611,192.8510017731998,10009.270449575744,144.29408397364568,703.4902735372879,1.273880807205988,1240.3478488889305,23.73182953496478,114.34473927021253
2024-02-12,3605.0582251503383,340.0977890869656,19.366348561904637,11397.139692517805,194.72920566599706,10152.866701731444,133.72451396034992,691.7711862523454,1.2709333831340321,1236.0383544190336,23.26911921840031,114.74925515621443
2024-02-13,3544.3782939883035,335.14543019491913,18.873156318444426,11790.67797206179,198.67845976092985,10093.130469985772,137.33341319122283,687.9308578574103,1.280193996528542,1244.218398533526,24.183715360651796,114.60933860979657
2024-02-14,3588.404037445414,330.348665262183,19.046319163792504,11888.947560383029,202.04940305115633,9989.450326258657,133.62678401419276,684.5693757781578,1.2794477413743717,1244.1540768472844,23.523679739839856,113.44420836340856
2024-02-15,3728.2630848176896,331.29765237234216,18.513482726320362,11925.233689099656,203.82543065465353,9974.711208934483,146.13637464912034,679.6785051130148,1.2711069787341203,1247.3959492707268,22.187453329699483,113.75045301447962
2024-02-16,3734.1370623978205,328.3552753517627,18.21146149150394,11880.621794535173,200.03549968877425,9931.05811282359,148.31664571508767,690.6942164235484,1.2616614013673333,1244.823824583536,21.485203040546757,113.58601408962372
2024-02-19,3689.9492260925917,331.3254753491535,17.465253027786318,11958.70518062851,208.62133784096855,9988.49297204799,149.50987597829592,690.8973721839161,1.2757872634439138,1234.563212588358,21.700316309010343,113.72035925205037
2024-02-20,3682.237420585958,316.88127434722554,16.97996642603537,12034.577481571085,203.7837438612981,9987.868167957564,146.7749198863117,690.9463941391766,1.274490865567469,1232.4550994271567,21.642927514925766,113.22838065037134
2024-02-21,3779.0336836192364,312.9106057167939,17.045816158351666,12113.67731548656,207.18183267773938,10048.471112653875,158.92653045471403,694.665419132235,1.2773909408344646,1222.6596765227237,22.060353763123523,112.6587825073738
2024-02-22,3739.833091434152,307.66166275496084,16.393977901189274,12152.285117265574,208.7899350997773,10026.196338465752,161.80141433072723,698.5131700920294,1.272600931917048,1212.3228562175093,22.345515798614922,112.82330395609999
2024-02-23,3690.8453588445063,306.7396158260294,15.920238345511176,12366.910478895355,204.74559960864204,9970.346476158249,158.53014585582628,678.1306706508793,1.2747724778691103,1224.3172333245464,21.999476481456405,112.63788479559713
2024-02-26,3663.3064563077082,304.4450060226973,15.924260650865103,12384.719057613123,204.39514692277427,9922.087080134796,152.35915333264134,674.4670214402606,1.284236479293481,1220.45365748404,21.738645373668415,114.22524585007373
2024-02-27,3605.304481306086,308.6956892242994,15.756793971188978,12168.888123222827,204.2033509927223,10110.431771532156,151.80046555409845,666.2118305845481,1.280183012588336,1213.478176654096,21.536697704031347,114.98045804452323
2024-02-28,3617.612557255846,299.9772320999657,16.402149088564496,12040.145274507668,208.86982731550566,10134.994912014869,144.55854626950787,668.8838573792954,1.2832500740912216,1229.5330211494531,22.582313290628306,115.5059701171091
2024-02-29,3729.4415574454197,300.5260509999839,17.020020015630507,11607.426985672753,206.43486456453064,9959.634936844704,152.18980547506973,667.4139092292219,1.2743895107145646,1237.8231590265816,22.98260349595442,115.36515647686397
2024-03-01,3755.6971716172748,303.5565214144952,16.73214718060754,12075.211028006559,205.5998639167042,9917.08013635255,139.0330061658069,667.7734004462903,1.2874732535623588,1234.3965734417786,24.102841364177102,113.53307270552695
2024-03-04,3743.1652230353884,313.0535255771875,16.92470861266595,12287.064140605802,197.6738970664606,9929.700645910987,138.06652827741982,655.6599052298228,1.2893320054961737,1238.87453794055,24.62221826413195,112.82448989877045
2024-03-05,3728.0263576441102,310.99160822513005,17.18540115585332,12106.901642398258,203.67175542160217,10100.035395034989,142.34338393740143,654.0956190949154,1.2868022820833407,1236.7871761580013,24.59048628885312,112.26420616868599
2024-03-06,3628.943403262756,312.95432904074465,16.98636012202218,12054.290100667658,200.07888139468068,10198.057048893637,144.79925084507042,660.9576178748748,1.2850156782183124,1230.1985668242892,23.978931598188698,112.03991613001942
2024-03-07,3691.517087612391,304.38564350048296,16.49075375764234,11921.219560385694,201.27440589131564,10117.855721838487,139.6981687269821,669.6631099457259,1.2818709986382724,1235.1261647978622,24.10727317631814,112.03242359967312
2024-03-08,3690.774910563786,293.27893781346506,16.491644793858413,12288.063764162465,201.00810836106749,10344.623932974428,144.38698530078747,674.2793802124813,1.2790609840855451,1232.172297883015,24.07783859840965,112.64450942302764
2024-03-11,3683.221586847923,297.5970982324464,16.439664190137833,11972.959108405445,200.75378981195036,10345.86077618323,138.1299796630834,666.4901415166291,1.263630246991097,1233.1633431233772,24.028741469588052,112.91350577948637
2024-03-12,3905.8043306666045,297.8981315564383,16.30190012475137,12011.034206857046,203.61824337349756,10466.749131421242,137.9754665399592,674.3572158199788,1.2631377437067506,1243.529363361584,23.910631631247522,113.98828905944671
2024-03-13,3931.5796394150857,303.9027626957498,16.451686758291746,11998.284911363653,209.57011192110787,10362.654258102986,142.54645823202966,679.0372489584142,1.262380854136025,1252.8779967920786,22.721500401352813,113.72696135519236
2024-03-14,3883.3922002570475,297.6247141778276,16.211379247051948,12200.45992139729,210.55222852857378,10145.446038804635,145.88426592762968,678.5928278817084,1.2655955633298521,1247.6260129880577,23.45614777733626,113.98396759058707
2024-03-15,3858.330640438664,300.4411151986728,15.846893182076258,12188.555944576312,212.9952926374678,10021.66305328198,141.0425556072829,666.6038600235219,1.262415682383895,1252.7370640675665,23.43360934444847,114.32080293331487
2024-03-18,3943.6497859307274,309.9009914803781,15.886268611607546,11799.905294158107,214.27521095620796,9736.639659613222,149.74537975846928,672.6185046380982,1.2576839720548565,1241.7329680269606,22.626345575020775,114.5686684208597
2024-03-19,3956.4434519284196,312.33244640407435,16.014179181150134,11755.48883796418,218.10121750198758,9927.462016488158,150.39589421819252,669.310992640497,1.2577608506865414,1246.4646598770569,22.907377688393286,115.77278143048461
2024-03-20,3859.9587616410554,314.06295453673937,15.646412065967771,11551.89143909998,216.47816266173743,9950.627894910444,156.08814544931357,671.668091094614,1.2477865190020019,1248.1959071909419,22.429187504254816,116.5429277874999
2024-03-21,3929.0694659353035,314.4516584989794,15.944332580172256,11580.946399825874,220.56034181556913,9872.112451274787,168.48992116224537,672.350546568782,1.248806521927062,1252.2363958637998,22.753446759486394,115.34232643742975
2024-03-22,3886.7604722476003,306.9841912454374,15.39424624583281,11912.765539965707,224.85366530430787,9916.375428120547,178.17246048864016,681.9971002847266,1.2373589342813396,1249.5100461607694,23.267511965726108,115.25992663008839
2024-03-25,4024.8811688255773,314.0604297792628,15.221844739224817,11537.02558926019,229.12161749391984,9937.261509267026,188.43600075506902,681.5005806668244,1.2444371131233314,1270.7713541795567,23.875407722713835,115.27009421914362
2024-03-26,4108.8215189553175,311.3481366887855,15.148043463731165,11374.309366797,226.65531550542272,9996.94834763865,190.26016541440117,681.6805053623233,1.248826935990517,1261.8938952665608,23.786686786439677,117.29479115585323
2024-03-27,4080.76494851063,314.21687392370694,14.961001343830386,11266.751933620379,226.09803531926997,10110.410785362888,197.9647893343364,691.7112635792303,1.2431813887791912,1271.9944448107235,23.548958684009374,117.00913621420787
2024-03-28,4180.967807926452,306.7934990950415,14.797314262953893,11196.54323636965,227.11116894164203,10088.098608219534,200.09034948463486,687.9007846579395,1.247422497137067,1261.791467874162,23.19050999942102,116.11628522582158
2024-03-29,4191.103866757728,301.3895232328883,15.366152259129548,11366.46642241886,221.968463141663,10012.535116593843,188.35016093329523,693.2381041782269,1.2482430358989365,1267.1461735058035,22.78219343251873,116.54748088957815
2024-04-01,4261.043477581234,308.72932546198643,15.111401172410913,11340.383711686316,228.16041529086516,10091.442591990564,191.22294109006836,692.2768745624173,1.2420856470808452,1273.2511427367242,22.77921481888929,117.03518744975756
2024-04-02,4303.545719247141,307.35643095336366,15.872275974507358,11441.766478930687,228.20406630934775,10168.6432247067,193.68982268331095,686.3331187356993,1.229709004085253,1274.0660383557397,22.667108588334322,116.9895312274831
2024-04-03,4243.569800078131,314.9331816652555,16.0164524731241,11317.845170524486,229.3999600207669,10181.938484480965,199.42625033210473,686.6148812165178,1.231779334875959,1269.2812507424287,22.210881300517023,116.80692594174305
2024-04-04,4199.733000735951,314.8854129024366,16.050782081994416,11378.76912109385,227.25164117927318,10387.606382916661,198.15402784912348,691.1790452764566,1.2270198319190009,1270.969347516363,21.591240469540566,117.72055026762303
2024-04-05,4283.45636981797,306.0775311756669,16.20925512804829,11559.72895585405,222.2718175840351,10350.895135148228,190.75156390843227,699.9313712388948,1.2338793835015913,1273.941907701267,21.53907648339723,116.94278668410078
2024-04-08,4262.834398330724,310.8192399910209,17.05563995689925,11411.409917257062,220.08911408970732,10271.512438426753,197.11694322041882,709.5667233946497,1.2340893689804613,1292.5738326164396,21.312928403088993,116.64757222224205
2024-04-09,4237.055703234906,308.2383182189428,16.72507479769306,11593.673125200356,220.999181871053,10314.360046709955,184.5893371828361,707.9699564140008,1.2299031562970373,1283.8414641643858,20.71959107708,116.1845629769302
2024-04-10,4169.834771929212,312.0465156262838,16.35936833066946,11616.826549607298,223.6332178236255,10255.997565961197,198.55666302812904,701.9880739888011,1.241132941811223,1278.4001577128222,21.160663373854984,117.22921767457372
2024-04-11,4206.795505053784,312.5159910175188,16.11907568675173,11861.743105475109,224.33887546714865,10305.959411561089,196.27242396816908,700.2572483428726,1.2448398133902694,1281.5718134683182,22.12584264106304,117.52077156819145
2024-04-12,4371.1522351091235,305.23004782877115,16.134280932937514,11828.25757120762,225.7553868105449,10233.076186607326,198.6967952806354,693.1275162429201,1.222418685369724,1279.2051052884362,22.671553321604307,116.54706052998624
2024-04-15,4293.108451201083,306.3702885628362,15.591577059339045,11926.168585886455,224.55543551181447,10200.360437935351,204.324196035415,692.0495191969993,1.2195713764992253,1278.4373927227143,22.27369265939498,115.67437056159226
2024-04-16,4300.137510945021,317.67664759579924,15.603224960578904,11928.893807263876,226.54845040252434,10379.582138270027,210.44878690357012,690.2007691414763,1.2112816589674147,1289.6893299993928,22.252414922903537,117.44456256948689
2024-04-17,4416.144239957432,320.5447260020425,16.14561609834237,11919.020378117808,232.42485996313457,10345.90029304368,196.13302262809776,695.0125735746622,1.2065680793396565,1261.1692008574014,23.133025281068903,118.49042508183449
2024-04-18,4415.112991789701,320.6023381793651,16.199440613530136,11989.786391816258,235.32049896446617,10275.893039154495,204.38335977891703,681.6228644790518,1.205815823285822,1255.4017402653149,22.470846800355087,119.31470218063902
2024-04-19,4456.555324121619,326.5251672632804,16.109722994874783,12124.818834989357,238.676868492679,10388.888063302371,207.50493786986323,677.4082022512295,1.2080731015084,1238.2717770811153,22.921690587153094,119.35026033946147
2024-04-22,4377.39165856928,327.988229857441,15.916555492343113,11852.191200730671,239.96879672610615,10295.196239579018,201.01751973531458,673.268617174964,1.2097738494821009,1226.7276142629053,22.113351563992456,120.82344164341995
2024-04-23,4416.566406133446,329.45186913450067,16.21002742415676,12191.656209520836,234.00799116797097,10235.283449487248,193.62217713044132,680.7727358770708,1.2164330007078537,1250.8047494890989,23.071140557544506,119.78555251744362
2024-04-24,4406.999032127899,324.1039404127813,15.949274975022504,11780.176990114433,229.98082457724786,10292.649121794298,190.41503136248957,674.2520010803594,1.2204331029397362,1257.0560121861377,22.83112295073326,120.53339142731244
2024-04-25,4491.27715739057,325.676916576299,16.55422391149824,11639.52661489971,231.8588595793078,10384.098708737893,178.44295693271013,675.8991280943521,1.2240677486981666,1266.9152492624078,24.146772806054894,120.13073808563541
2024-04-26,4593.811423945768,331.48180828913445,17.21202875225986,11630.322083099569,231.90849106050496,10502.989734843623,194.4903117359305,675.3902624448699,1.2254241076639432,1266.3525633738577,25.22037841328104,119.9157589147701
2024-04-29,4818.786826548667,327.43708728566753,17.30583108113281,11733.52845777115,233.7425247182221,10436.768008499475,209.49291432420793,682.0330200214378,1.2334572373857922,1274.317169258822,25.160909307489987,120.6381779967356
2024-04-30,4875.173032971922,335.35439557020305,17.30703730910987,12102.326438284106,240.59604995909447,10497.10006626485,214.2781477684216,685.9745719466641,1.231631367893119,1256.6858344679138,24.719846866480168,120.5238117465385
2024-05-01,4909.734816367069,335.23124373057027,17.672794015694375,11694.16691805744,243.6814885934546,10457.339339756973,211.89799562749727,686.9982558945482,1.2299679223101772,1267.4212861042115,24.84796417516262,120.12942970279485
2024-05-02,4932.859542905616,330.86692699744333,18.069444559676082,11593.492798118295,249.05233707398057,10404.653524567651,209.81991323529653,683.8507907316098,1.2184264398811664,1259.387636330514,24.743723242307105,119.67844021801719
2024-05-03,4907.486300490802,336.5606513277438,17.78583815302696,11145.481161509666,249.55333179813022,10522.144910895979,217.9254195484398,672.8138332022722,1.2250002438719572,1254.2967705708704,24.503909503455272,117.81524949274481
2024-05-06,4943.405987617784,335.38853534167197,17.60479712084383,11163.337331268141,246.25066499453698,10474.419910820021,237.94611418930856,674.5814604701848,1.2246516231644937,1259.6278017920454,23.51597188630087,118.56049589553338
2024-05-07,4923.094712750051,339.86276540191096,17.150451158705877,11232.338055612232,246.1069643422431,10504.880169097765,231.25578680186706,678.0810666890718,1.2428715181025949,1263.0732720678473,23.222369238063976,117.63308178626563
2024-05-08,4943.974868903153,338.6522490435223,17.296527843332306,11588.60240124921,242.86007999043235,10523.808246489492,218.68779037967474,668.805335639488,1.2404779877947798,1264.181423124787,22.593314126287293,119.41891181859414
2024-05-09,5068.710229482272,338.70060584069296,17.533938335931275,11626.815646611123,249.47943557741627,10427.049603708467,236.2822669277597,661.6851193095425,1.2411516145285486,1250.7208275513094,22.91393452516168,119.16828793925089
2024-05-10,4983.680261599819,341.76163207307917,17.07200220254784,11871.619092598585,252.95538708859021,10522.314459115085,216.08464528861927,663.454822613994,1.2446721909236584,1251.9703076975675,23.49580754668786,120.44728602428134
2024-05-13,5093.098767752544,343.7339182922316,16.922360357420374,12016.053001725071,255.30575089017333,10579.738575070856,205.4584177701664,665.7492093769018,1.237957315308925,1261.8804730704676,23.94211645979392,118.74044168198962
2024-05-14,5221.551143969403,333.2987904350376,16.47741684126495,11929.016460818508,260.83105123285276,10396.446876343782,202.9380524688013,660.1038765411987,1.24030266373241,1256.7677541933058,24.15517107352224,119.4612215374944
2024-05-15,5216.72222428656,327.7330668285902,16.188721092845373,11625.529932305404,252.1267470103405,10426.606862184872,187.70641104728156,656.9649239877037,1.2406416936588727,1270.3121363449814,23.652665237645287,120.43380412264548
2024-05-16,5027.263951533611,333.0091663454336,16.37302415787099,11698.125083356263,254.76212599729152,10358.465730588703,198.43995327451796,646.4541202689647,1.2388831641582836,1261.7266139283015,23.781567907003936,121.72066248139963
2024-05-17,4978.532128796009,332.6716045074737,16.13943201032259,11382.517678448456,249.2482261916964,10465.433806482202,207.12693450419732,654.7788889355188,1.246292718692948,1262.045092632693,24.264877915210047,120.2658197491458
2024-05-20,5102.246822633106,330.258648203291,16.047433843808918,11677.776320214953,249.3171910318726,10334.3077482376,201.2589030611393,647.4222666322408,1.2407978199466123,1277.8974580075362,23.91902248348511,119.61553308806647
2024-05-21,5106.270891881716,323.5128858156617,15.53821878566882,11653.521345927147,248.09876585196028,10305.32669972645,214.5564470357135,650.8499143757934,1.2426287389646515,1271.2045520398917,23.99747754918953,120.19251969667407
2024-05-22,5021.26518517939,318.3219094146591,15.601117110009577,11933.108533802659,251.00589845928369,10343.09490194247,230.68138702883397,650.9054692175353,1.2518249015771308,1282.2249370191898,23.917542439376287,120.35940687853889
2024-05-23,4981.823468188548,308.5285508144557,15.591985853470437,11836.555805867874,252.08230028001316,10352.294650247335,229.37975505933085,658.7675663369547,1.2475346192336236,1302.9019161397648,24.93996033206001,120.66633819282605
2024-05-24,5063.850401131716,308.3680061111898,15.370927028922162,11909.076700386038,258.01626215847057,10427.794869862399,224.26884660057962,654.3487582606364,1.245808689978389,1304.9469289154783,25.484235698607872,120.34310942797734
2024-05-27,5120.071209153433,305.7656300086586,15.317524788924098,11968.503436872134,255.49181216806775,10290.375355861957,251.093565756185,654.9715196400166,1.2606297428895257,1299.716594604734,25.883068870806667,121.8698043054079
2024-05-28,5104.219594957642,301.40458162740026,15.37747046701863,11970.2289617401,258.693847735237,10448.68628280991,260.31273437236734,645.2939252385055,1.2637498180507196,1291.9650141045547,24.80317576571971,124.46456048640759
2024-05-29,5076.71667997797,301.4076032829484,15.13342870706533,11884.108846018436,259.51204095645517,10502.386928720583,263.670433504044,634.3869944182119,1.2606813893543483,1305.780763074828,24.91805480307602,124.5930542038736
2024-05-30,5047.096276247936,303.50164862281605,14.697550800732728,11985.034913097992,252.49795951174613,10635.952652991657,282.27372683666215,638.0560752752702,1.2658774065872633,1319.4496282409061,24.829123466015492,125.07083164954716
2024-05-31,4969.949602877359,314.1838139685319,15.242572822165586,11787.759693067012,248.68491355380962,10724.25698164677,286.56740942810393,628.1386605886892,1.2624130595028815,1335.103977159159,24.735163871008286,125.15214785506801
2024-06-03,5122.724683261187,307.0123806802625,15.055252027839659,11531.499843970465,248.15132987488508,10727.426564077363,279.4135004654752,627.1006044324852,1.2526990160637348,1335.0202596789334,23.794168577539068,126.46968145748528
2024-06-04,5099.205247460464,313.10486657718104,15.03065376569923,11818.854776524953,252.98943597710604,10608.397541631877,280.5356336752646,633.0874982240539,1.261450508595114,1346.4196026014884,23.162771598959377,127.33679907604905
2024-06-05,5218.414119082634,318.3679522399916,15.342219842729433,11995.268860890743,255.09372452924617,10558.950931699002,295.4895485536121,637.6112707396513,1.2546378432467173,1346.1628444978842,23.1303562951081,126.28035727035478
2024-06-06,5369.727895807234,314.770031213239,16.469160948433842,12022.311931673526,250.18071351699356,10715.379005085491,267.474487837658,634.0625029971351,1.2702395731375165,1336.9538326322604,23.790938540912503,125.68802905258956
2024-06-07,5473.656361897757,316.14282452938704,16.069127260532227,12421.166041606422,249.6845035082198,10854.165678278689,263.65004911005474,625.3121759264309,1.2672622451135689,1349.3016755390588,23.44932383994068,124.70220094495728
2024-06-10,5437.816853378957,314.18184919791366,16.21921116346265,12370.497593574859,258.5013314338515,10798.125345722845,282.52739580215825,628.4374247806016,1.2809797111213694,1367.3275529191521,23.223000587323988,127.44527810131379
2024-06-11,5484.055095440906,315.4634959701684,15.99610680952271,12698.01615010837,259.0941842221953,10531.890043902684,275.38830010706596,636.3296656855057,1.2723706692798729,1356.4802963903767,24.287710752292927,128.12028835167567
2024-06-12,5488.24914378902,323.52910188275706,15.829409365894627,12753.19310966633,257.7595326911146,10515.954643660636,297.5218090834484,632.8013998554748,1.2790393611507995,1345.5164001218875,24.115382920623517,127.53668970143642
2024-06-13,5406.179514435202,327.03878390198383,15.607714663306208,12519.800311348561,260.0273142638598,10492.956974699511,319.32989470906125,628.4942083086952,1.2823674352977472,1346.216056031854,24.04507500869397,126.87465990516574
2024-06-14,5444.3649567744915,330.07387829995525,15.264841186395406,12980.18780040737,263.52924873458636,10473.58438338206,318.2853365902863,625.7823927299645,1.2878789747422352,1356.8241217342545,23.983091822894988,127.72014707977952
2024-06-17,5336.43808243836,328.16993013973814,15.25681662710188,13240.067990124595,261.5981377341312,10527.734618903482,309.3648423857462,629.261666152916,1.2942569841689358,1344.8415652312356,23.196732912680307,128.67384644463425
2024-06-18,5458.2958936068335,320.82206258857764,14.817906400738407,13222.87502390322,263.9483056309587,10615.328912493806,304.95168565892385,636.5123571806236,1.2911690488172853,1347.555670205753,23.53777080352277,129.52394173674392
2024-06-19,5419.33721160207,320.10566868133117,15.105705085743008,13420.247044342374,262.58166818111476,10714.647989171257,348.4114402521953,629.7024276734751,1.28287522474185,1341.473881420841,23.16365594265378,129.10955189507263
2024-06-20,5445.526228661792,326.70475932998636,15.126868771624597,13331.026990848773,265.9187257381629,10762.0188058152,382.6440957846483,621.516733204366,1.2826769221186254,1349.2859867225598,23.1531937671618,129.45172511608405
2024-06-21,5479.936853366982,319.16946522794836,15.259789795482616,13556.254214239532,266.79364740766675,10593.241698594169,385.0506376185857,634.9986045851309,1.2842365160118872,1340.9689628317526,23.41886876314939,129.5925572179081
2024-06-24,5461.0074547540835,314.17205157396376,15.1227083540004,12967.127662772165,269.0962053854778,10564.987042179966,373.5183653595219,634.2396604241688,1.28133841416364,1349.5441695398097,24.591626395305845,128.65125198770775
2024-06-25,5525.610708029578,315.15388853890636,15.016557114205419,12731.016859718966,265.75181215407355,10790.673892836447,375.71062251881534,635.9391810303371,1.2832461696235364,1348.1067014741232,23.801812742874443,127.72676318625251
2024-06-26,5485.155870221003,310.5691487966796,15.107701970767529,12983.083275128998,262.1720500149108,10831.40931548349,380.3190753815918,632.2441000861983,1.2854914096532661,1338.3052043163293,24.329419524150097,128.1740415569448
2024-06-27,5578.549867377863,306.99338584122495,14.764470687597607,12934.572539724286,266.52669884386415,10871.67256762313,357.39536556852477,635.292304278931,1.2797835127640238,1339.255095090909,24.871047587738577,128.40131705964018
2024-06-28,5451.556847510702,305.25534575743455,14.663535835990258,12998.670355718265,266.27368834699854,10911.267084340174,358.8285504376265,641.0617348801495,1.2824416364457834,1318.9154547524724,24.484714139323284,128.99678252240292
2024-07-01,5470.533044506862,298.9865972362841,14.417915805977362,12682.944578400438,267.6741209446262,10956.516018086635,383.3563273458852,643.0509300957423,1.2808574407669528,1313.2920722963172,24.86190236680106,129.84165202546995
2024-07-02,5671.631293192654,294.68671163008537,14.167636025429255,13149.28806006744,266.39004030865914,10728.313195810695,350.37257251405225,653.466749277001,1.2765100423464149,1317.105104634671,25.912423101587965,131.43477325093977
2024-07-03,5577.110543595282,298.3501044972068,13.5863205608889,13463.57216909829,270.5995105283763,10709.493819681538,365.1565915284531,651.8085927835775,1.2816735699531459,1298.8278286450468,25.429202794068864,130.6475804625074
2024-07-04,5516.101766435061,292.4956303841545,13.959356178092023,13425.752101996814,267.9250124952886,10710.125318395996,391.1402447774599,650.528433499268,1.2768316607966599,1272.6395031401328,25.590852792398437,131.3342187231896
2024-07-05,5574.049170212324,285.4262775618555,13.773124621761093,13336.243978909828,267.4150420715355,10838.699798703845,380.32962491917925,652.1454790277164,1.2740469468685074,1249.2934531932963,25.858904479613166,132.15017333283222
2024-07-08,5598.810824633747,282.8745106053368,14.101578243214453,13613.309078193746,271.1206145416671,10847.689414296143,413.95078859187794,655.1422051630865,1.2746334673556121,1262.880448989265,26.214415786490846,131.84696703487495
2024-07-09,5641.023745705101,286.52181086145583,14.410578712602145,14150.00335880526,276.691798198663,10692.403088984562,399.9062903361823,656.7502731969197,1.2835506960057876,1262.3576336761366,26.731476717629068,132.00196579407134
2024-07-10,5697.747564254398,285.93482864728685,14.048878570678017,14423.175265317506,274.3488130018647,10738.165882183217,408.8238499672958,649.4618580604272,1.2849170184613752,1257.2431997817673,26.850901479149325,131.72604462368557
2024-07-11,5770.137549731277,284.12964081288686,13.750488501277788,15045.825194534225,283.75607112601773,10665.026942690394,402.60089826445113,651.5516980789512,1.2884443763222215,1267.038927650213,27.205939126130346,133.99373826161113
2024-07-12,5893.620626336747,284.64430737111724,14.477336259191535,14799.24079396737,285.3852647090966,10553.091048863253,396.46823584490863,649.6210439322293,1.2866569824300371,1263.1985393855107,26.600990672981272,134.13300616565928
2024-07-15,5944.38604309088,277.1084754287992,14.99779107921937,14585.203150778378,280.4822078840489,10478.35159535512,384.4181809814452,646.4917198103519,1.2862807570279071,1266.1676284260486,26.71829524121326,134.64530249403188
2024-07-16,5925.7343140791245,279.6179838005057,14.992837073355865,14273.685264311049,282.36037419680747,10533.850344605964,398.08268981499015,646.9394658912781,1.2860950492860819,1266.6818510756552,26.40992837166718,134.38812351572128
2024-07-17,6005.111005236154,281.64834480337265,15.074732845046572,14408.396156238558,280.6401352526803,10658.127698015956,415.34106245379127,641.6217943457584,1.2881113361571335,1262.1703893242325,25.6179759729013,133.90023141405956
2024-07-18,6221.486190921956,280.1178347270268,14.890197233944544,14471.013367746778,282.8317945554322,10708.835353759501,414.0053555971246,635.3528429773771,1.286335177048464,1265.39703853486,25.301550483120526,132.5392674537465
2024-07-19,6214.103136177329,284.9760509949686,15.024018396805415,14443.731282789822,282.7388836769406,10774.231853453282,386.7894543140017,620.8200604175604,1.2951120631056592,1273.5038354347116,25.48021038603052,133.73736428264374
2024-07-22,6113.380421942595,280.1892331450093,14.81450115652869,14682.207890022017,283.2093712750374,10824.528877164015,394.6656724389832,630.91201670504,1.2928271318220286,1271.8757435067705,25.767062254062143,134.58896209891157
2024-07-23,6243.91464592987,285.60557524761185,14.228676978270174,15045.074420607056,278.96584766632577,10838.739378939805,403.08188326390024,634.3291602991802,1.2819664521107554,1267.451675145917,24.970260617568727,134.29201389384124
2024-07-24,6237.8805662044115,286.6275535309883,13.861681654968926,14629.836961196526,283.8143722021708,10911.301331446022,398.7377669032432,633.9164243148778,1.2997983964370423,1264.2363074840684,24.399036005478777,133.35485765976654
2024-07-25,6005.840545489365,285.40202737998993,13.871691390938196,14479.308094652162,278.4020355988939,10680.611541194397,437.75769055103507,630.3732559891394,1.2978023439819706,1241.4560568254597,24.85254173818548,133.57364131230923
2024-07-26,6105.475614094963,285.62530528962077,13.565486748945636,14721.416386574727,273.31288477402114,10695.572678375007,404.8307490296177,614.5116106104252,1.3064821955048644,1244.5193691244056,25.177827166468372,133.06947651225136
2024-07-29,6054.187024559042,285.44934684328933,13.551310775925296,14605.76473420903,275.1351311359092,10599.698551271416,362.3479328215901,610.7398330554289,1.315822746165885,1232.785836625694,25.750171812186313,132.8598789425589
2024-07-30,6051.586709960586,291.39773490537226,13.267136772254768,14400.319302799273,282.8483010206578,10715.504220993173,349.3461084841226,614.9333330455664,1.3221883489730615,1239.2598000860555,26.653942078982634,131.54994001691148
2024-07-31,6095.166924729368,286.7360925425463,13.065079444148562,14696.40037378644,281.27044169979536,10705.603409882606,361.9783387531407,620.4179905013474,1.3210119450527764,1238.611350134489,27.022888735411872,131.80494075942298
2024-08-01,6123.446820531392,283.5708338244905,13.293913325368584,14355.054209882213,284.7561391723587,10712.869977903718,343.36435418362794,624.2644377545444,1.3230391705058275,1239.901377193376,26.752128683930675,132.0814970248164
2024-08-02,6209.592517613217,288.62919240033034,13.363884698919925,14287.314899110841,290.11573946652715,10572.96396448635,326.92918719929173,625.4050905462741,1.31476631285777,1247.1169848104403,26.837100671503475,133.2699695155288
2024-08-05,6168.505091860272,286.20668768699835,13.36531085617972,14391.191385691425,294.27937769830896,10674.43522602059,342.85055802909903,633.040532176512,1.3280473158880788,1238.1548969887924,27.982595038224584,133.13597632073777
2024-08-06,6233.2160927005125,290.67992951548615,13.606422007959491,14249.384769610257,292.84370582842433,10739.167848594609,350.87220101310385,631.4240194469972,1.322535397334447,1242.066186952492,29.993897252900144,132.80773548536877
2024-08-07,6211.612885657464,299.02098025174945,13.741961838701616,14477.470597192101,287.5771710594088,10797.451515644725,357.5499608392428,637.87626161015,1.3209895899117696,1244.9772306736224,30.35227110576268,131.1902287248289
2024-08-08,6302.328541164775,297.43181890362246,14.149585430288253,14336.16014008027,277.0957007741396,10723.021045018259,371.7964581218257,635.9265537977708,1.3217757232903067,1243.3868593452798,30.770615693707473,132.37728762114796
2024-08-09,6380.176678509241,301.02304274510345,14.024252330239507,14739.762839287392,275.970685518795,10652.87886125011,363.9756250618581,631.1558389489081,1.3211979708698645,1234.4351596687975,31.34337458849253,133.35285631359793
2024-08-12,6281.18020083525,295.84265418453475,13.908434304730541,14719.300876631307,281.6660455259731,10678.608836864629,357.14351277734505,625.7189988014392,1.3169974839227787,1240.5755334036976,31.371433854985366,133.41019803577737
2024-08-13,6412.861421807962,299.7663902233232,13.555240906370635,14923.15076823082,276.4448411949201,10616.316187458891,371.90061745600667,620.0008932893176,1.326343897331059,1247.8262632718488,32.307327967569165,132.02545292246305
2024-08-14,6358.917948359448,301.05538641136235,13.443472079169227,15151.328306108318,279.86710881210206,10662.214296608283,347.7147021624467,623.9389525218887,1.3327941510807142,1249.2106406252976,33.14179613320577,130.77502924950358
2024-08-15,6459.831729181473,303.67646303705874,13.70950021471901,14986.727034780475,275.49301823424065,10461.040248905103,312.3881014977258,620.0299733271632,1.3350754939085896,1238.807774608831,33.44674993783413,130.22994107220552
2024-08-16,6510.488169100901,300.8866799208284,14.074839718480717,14427.68168669823,276.10066290912437,10419.405728306017,305.69324174065446,614.5378742371475,1.3325442366158915,1233.8382668507147,33.19184198568909,131.26569445989333
2024-08-19,6737.586314189379,293.3177171931774,14.352080146551735,14541.448079290147,279.55469924031644,10593.501891713651,320.2576364010515,618.7455848851606,1.3397880825116473,1233.489557216528,31.96324703957746,131.59725660958588
2024-08-20,6718.597043712184,296.0144922949838,13.850357607236734,14576.002886377806,276.5485947096726,10639.741159545547,324.37614071405943,620.8229346154046,1.3368139196547342,1240.5503941328182,32.56366354069168,130.06044640442283
2024-08-21,6684.501629083737,286.71651160086014,14.15791676845372,14745.489406422103,277.46222408432754,10659.988068804756,338.5826898809011,626.4752320263922,1.3474865874743591,1225.1793386320267,32.74723428792248,130.5078019519305
2024-08-22,6690.188862071774,285.5783308651314,13.65087448077933,14696.85038183772,275.6214156769429,10856.503901363661,306.1127904413874,629.6238863289803,1.348370969684292,1219.9096571054106,32.15842007314385,129.6605442707415
2024-08-23,6661.767689339166,290.23045073923123,13.902461775236512,14591.732260847715,279.0569182200693,10634.896916376387,310.97995933553426,625.6209215566391,1.3568231964193445,1216.2294083961071,31.272099473563575,129.14581819853564
2024-08-26,6766.499024644165,291.44334464361657,13.804715546402322,15174.49521315507,280.28758373209104,10561.369482439663,321.3149182338812,626.3000396289455,1.3561868577104692,1215.6630539259672,31.80304788504276,130.17973125127313
2024-08-27,6580.365108670566,301.0026627993867,14.004250719247638,14770.63879132694,280.66921112561454,10527.515960829081,300.32998638586895,627.256626602864,1.3568076802569327,1203.3135571777532,30.564256029865746,131.0056007852255
2024-08-28,6464.488869308343,306.3171054402646,13.640072114343834,14993.044655633776,288.31935595259506,10613.40217110562,313.55811079908227,622.3379802658342,1.365283025610411,1201.4615654010404,30.803313097049426,132.18267606316329
2024-08-29,6349.039205934914,303.46263324015894,13.967529187631017,14845.086998179579,291.70060328591353,10701.655675516975,311.81459346929006,616.428104525817,1.3804801558478095,1198.7207162213788,31.469254214946915,132.18464980943725
2024-08-30,6466.332054805846,303.92941821512557,13.568294673826712,14765.437931995628,288.412562374572,10622.8188087351,363.57136117327445,612.9082203043315,1.39143169263026,1189.0494225745933,31.91443242747841,133.14836113142437
2024-09-02,6676.541224342131,304.0334007577016,13.392123008020556,14691.428391262943,288.107097406672,10722.946672589753,326.07055720950734,624.4956998278582,1.3976872199763226,1188.1654069363444,31.613676902018344,132.55198573325285
2024-09-03,6672.002146226397,296.7597052431232,13.131380272167693,14483.33922553855,287.85071575089324,10688.369216340274,349.1737011755854,622.4291128468983,1.4019516506335803,1183.2691689212895,30.650699312771817,132.3055983979635
2024-09-04,6659.745001229373,292.6497072535221,12.68244950879933,14656.035495885995,288.3593456710153,10809.884183570806,342.35958562498007,629.6257202703466,1.3985424100304373,1188.2073931256025,31.113162438861156,131.9870801789132
2024-09-05,6676.154410001878,290.3549618559974,12.710261516408647,15063.497877533371,301.1245866044043,10714.16966855406,315.7668165701323,627.2264272592244,1.4007484589134802,1180.0574910910298,32.0707383493097,132.038686673892
2024-09-06,6825.434104468081,281.35709207050616,13.181725558333495,15213.827492108476,303.15025396561373,10706.567402251208,307.5557162110155,632.5170348593165,1.394507716167146,1181.1420761326397,31.62429652793975,130.7128629752843
2024-09-09,6720.506929874568,281.8808737963438,13.90807417558287,15258.992107581253,292.95476943778857,10663.703975531722,311.8524701294598,637.9306495827055,1.397270054672975,1173.7628752784788,32.037221785686796,130.50388449877758
2024-09-10,6757.508313108013,281.0687774032651,13.939306611591954,14990.648992332863,290.38006795081236,10769.844971631324,328.45622023522895,643.6807621774402,1.400487829161457,1168.3782625838178,33.33928013974104,132.05470268305305
2024-09-11,6885.43138993829,273.946572474609,14.25840116848028,15153.723635046532,281.10838833527697,10723.580112988968,357.98882531705055,646.189845035272,1.3869629097411433,1171.3946177530663,33.63299109302597,130.93172782546586
2024-09-12,6956.15919179681,276.0275010532965,14.329039056635962,15803.270768120223,279.6485813215938,10723.772744950478,384.3664621996443,654.5118152922573,1.3873703109252555,1173.8310036021012,33.310926270163634,129.57261472507886
2024-09-13,6988.3183707094595,279.5145828934053,14.47706749424531,15705.072218147647,270.4668322451223,10777.108825138886,366.254089124989,657.007098805855,1.3903902556005756,1170.1554279074699,34.1993554667925,128.31035130402418
2024-09-16,7123.924593606707,280.84053519127735,14.382653642651945,15608.880941458374,266.595475448945,10834.458510885257,387.5463907640913,667.484781570937,1.389947418314312,1167.8696759904149,33.58460486868622,131.0982214593686
2024-09-17,6793.733201597436,279.6956162448876,14.44321004172348,15458.814367696732,259.8956411601102,10925.660876549486,395.2030990563277,658.0871126717296,1.3925772430745962,1154.5982498583678,32.52187608351162,131.612979208779
2024-09-18,6885.393990452325,282.66572095843884,14.603686325752456,15331.054534266208,261.70316234351526,10950.820163965564,382.477434417059,660.4172874009448,1.3834045841378182,1167.861807989884,33.19904143079248,131.3549915298977
2024-09-19,6812.97575204545,286.07343031540006,14.440038365218726,14566.433230313567,261.8102651179305,10914.04087600569,378.4462772469817,662.3683367993652,1.3781861207482349,1174.537218609969,32.87350277029925,131.4530929612876
2024-09-20,6600.052480358391,287.80034244829255,14.422001237982025,14693.65047884993,263.2674463375061,10884.098004435426,365.24997927619677,657.0716853082193,1.3854748323728778,1180.9105552785513,32.624186191240504,131.71904347254429
2024-09-23,6669.062180121867,284.3407060514819,14.409479692292528,14473.94257397876,262.9050783210498,10890.968591206447,365.9280066786374,660.7723516358145,1.3856173473272382,1166.1707758344446,32.126473347251455,131.0721055542954
2024-09-24,6844.224111439282,285.91621134651353,14.65401513119015,14051.862786346608,256.84941680545876,10919.827881794898,352.8184846434651,652.2308975010491,1.388112864661734,1160.8605926201058,31.758486159009223,130.55699332222855
2024-09-25,6835.5096211192595,291.75852500796856,14.349193303887562,14268.660783471583,259.2051542808871,10909.73667697979,335.14189630818424,648.6614796222743,1.3844633166966296,1157.9894308216615,32.902077639443206,130.41848515958182
2024-09-26,6962.111256236796,289.3046907684767,14.338710110843211,13992.300874083854,267.92247523374857,10915.987900320524,343.2674804356992,637.350147884047,1.384736733823875,1140.4657824722394,34.30867628352241,129.69043689407314
2024-09-27,7175.724831855774,299.509895021302,14.902112628934919,13916.46301341235,269.9007451842057,10772.248132815343,354.2300273970841,646.6122600529959,1.369026600588842,1148.8441624815446,35.894092978273065,129.3051195363511
2024-09-30,7356.411446027169,297.3284323161596,15.257698466160754,14323.978256919323,268.0607309323899,10841.478798415956,350.92293712521695,645.5243165585041,1.3749674202591267,1162.516947366461,36.89683431667203,129.69682505275338
2024-10-01,7585.90257234745,297.8100516635281,15.679713986623614,13959.493773382268,261.7360153462978,10863.509468978256,375.75946284731924,658.5002078197638,1.3875917640108468,1182.0886502711048,37.340649716831564,128.69205582871393
2024-10-02,7697.148187034308,294.9471250663668,15.692084463408257,13572.429162188315,257.8296981549604,10966.29251718294,370.89821908616545,663.5414915084348,1.3803603840379146,1172.4737649522876,36.03805264728659,131.4336263743219
2024-10-03,7716.861195276152,296.32844083355025,15.797889610943582,13655.703663607263,259.92703485599077,10970.695759500126,365.3255798683973,666.4894230082233,1.374023025948475,1173.8094897574829,35.8802598949598,132.25438600387
2024-10-04,7506.522549207822,288.4993663266539,16.12258502409556,13971.19269518949,264.8183086013385,10804.709651380777,377.5916817420838,663.2474980741234,1.377192974921981,1186.5346261524783,37.87935129204453,130.943581750052
2024-10-07,7482.322145275678,286.3045833043623,16.638614955956594,13573.034300816958,266.1017322908436,10774.218476793314,375.0998006002514,657.2937788154593,1.3875182891704438,1184.3664995205127,37.4803053129557,128.3990931707837
2024-10-08,7378.45858016811,281.6548208124995,16.006487964854887,13692.266130986396,269.8528395782333,10759.151910442413,376.693557449208,660.6589953216345,1.3876424962272418,1179.2423179000434,38.93794461747049,127.72037480388144
2024-10-09,7681.706486470355,282.5760435534284,15.595545236469615,13858.103457321571,273.2281886629454,10835.663421959634,332.0913522400344,660.4980611627792,1.3792773067642914,1162.0015442388742,39.00325525430475,128.44723373803038
2024-10-10,7666.619511839324,287.42410796418795,16.014173818305498,13339.720650387591,275.701397412145,10639.892715611497,332.3688870454155,652.8456663022679,1.3779771425733025,1172.8128010527096,36.48829597907651,128.9780128445941
2024-10-11,7692.866440353804,290.7299856586887,15.930514271726622,13557.198012827712,272.7414659990597,10648.095143533255,303.34951657945237,644.2514047431056,1.37103636499565,1172.8666507588905,37.08837915232215,128.8894626935055
2024-10-14,7778.940916219858,280.21254438907795,15.722644386703948,13798.682776855127,273.65851546590284,10701.715902582231,285.3847107289478,638.972039263779,1.366595612990185,1166.2764426165293,38.292729870519935,128.29645221738295
2024-10-15,7794.396233817213,289.83781756293405,15.337775480243542,13730.90608609516,269.8479392894977,10642.449806367955,266.95283778610036,649.7901089443601,1.3646561439384188,1169.16170954157,38.25732932817419,127.39730231668254
2024-10-16,8045.524408062274,291.5308977277695,15.173013724346056,14075.613931403797,270.0358977342944,10653.860923209642,253.39330519177747,663.1285764554525,1.3584656505911021,1170.8278321063904,39.46686398745574,127.01305842752168
2024-10-17,7965.408860256104,288.2482273866873,14.757789593185468,14397.238934805615,271.6676881862034,10598.145424697968,246.53405907666473,664.6189075369966,1.3533274479596207,1172.639417253566,37.86645945977652,126.01372929145465
2024-10-18,8002.957880033089,289.2918546657,15.39269331638897,14439.906929919804,279.64443172567843,10532.99666760374,240.6095568979764,665.7766741322471,1.3539672764479054,1170.8387071807267,36.58823128077549,125.63738255984246
2024-10-21,7906.195857224544,290.4278246946781,15.390404269255491,14330.902587585444,273.59624628114557,10498.549353678523,248.73530130708784,664.0300515657531,1.3555593657518183,1186.3711579850099,36.78713702453472,127.00766628467474
2024-10-22,7729.8258451002075,287.66180846025037,15.377189421890394,14082.522588144126,275.95535507224986,10435.78601848142,251.51652037966824,658.7321737047552,1.3460767945970968,1185.340319903671,37.23972675184168,126.25169965629833
2024-10-23,7654.352872570171,288.8917876023758,15.56378495928935,14086.5548975027,283.1056409902259,10504.391708828449,228.71002924254498,667.2025348134443,1.3488821226739887,1201.0359784885966,38.53591203312577,126.89558474778839
2024-10-24,7658.4363159977165,286.41236958033693,15.871001544906918,14254.123147808017,286.8962148781064,10439.313888579318,229.66453143520087,678.8198921203168,1.3464432994834703,1206.7097430226156,39.16814145097456,127.69849422395723
2024-10-25,7608.6091310333995,284.87851668405426,16.178956316351393,14180.770379273736,291.10400308969383,10358.968546712913,233.34836075620908,673.6529491038843,1.3514361346341046,1210.3466380536256,38.02800914739817,126.62565824153221
2024-10-28,7523.389809559154,282.07764388717186,16.535074365377362,13614.485403341365,294.14458012282114,10529.322970168852,229.54615530716976,673.4202116352008,1.356856080407118,1209.4921953851572,38.242563061058476,125.79935108076312
2024-10-29,7344.14277813207,275.9886178901559,16.332662429603786,13960.611402360497,300.8293323886272,10625.010349224593,228.84841082185952,670.9675156007827,1.3533021085018464,1219.1967641059532,38.83287950584449,126.90512162086667
2024-10-30,7341.969965510859,276.9378212205726,16.240523943781106,14025.177878971128,295.43710544346214,10452.666032593208,231.03641277369042,668.7020349539787,1.3575998855218567,1220.5434202110523,37.06642034498389,125.99391612848976
2024-10-31,7154.361906543561,279.8511346565587,16.497192746733305,13938.311460184446,288.6731905601637,10385.12147064904,240.03993588885987,676.1478373945915,1.352065699054668,1211.7179381377932,37.03711844586331,125.96117632889022
2024-11-01,7261.622109225662,282.47666273408976,16.32899641606388,14181.34372019314,288.7575877301222,10411.972237618207,221.86327409035954,668.4784051603925,1.3611805582349887,1202.635259669617,36.73871293320714,128.05932148667202
2024-11-04,7281.137867351714,286.5218336419516,16.332227711140654,14612.764266516344,278.45258223129883,10446.532616849565,219.1695119828778,671.5592986536367,1.3558881484542775,1206.94826134719,36.15313694269823,129.09289529045105
2024-11-05,7101.110806750469,288.32957537164276,16.467942154235114,13869.041025988578,284.45320607041197,10311.457756934155,236.33782956336321,676.2456940721228,1.3584175386785344,1198.458376491478,36.6177518800192,129.2067852449448
2024-11-06,7070.176612004981,286.19705492896514,16.733610354317204,13997.938952869938,290.5340905151341,10423.707404218261,253.68550436234182,675.6512916635731,1.357279599559002,1198.101470669286,35.59093991510491,130.10475737861668
2024-11-07,6983.475006194351,290.387198199857,16.15396731506185,13637.23291164534,288.51698599323765,10505.614092661719,264.7119290284048,681.3762927572778,1.3505311094277073,1208.519035609567,35.974598655358264,130.07257647592388
2024-11-08,7032.145040589257,284.4606462556123,16.39146195364575,13780.945342682122,286.81885837176026,10555.498452171638,271.91333892462535,682.5553203449119,1.3567640754338846,1211.7037582635842,36.492266985519,131.16268591518215
2024-11-11,7212.530740888723,280.69935229100156,16.31991441796156,13828.303673613093,286.58092411653695,10689.452000121342,295.36596477889907,690.349332537471,1.3527395726346132,1204.9648000427583,37.50575761115381,129.05882478062165
2024-11-12,6981.5209175805085,276.70638851000984,16.557435233230954,14010.349221085226,286.94923109657884,10737.347351358294,325.0917811941767,681.2285782897685,1.3414236675085929,1218.8773802859778,36.47798675034243,128.94090240526782
2024-11-13,7004.391146085628,281.83953148589774,16.82177021387197,13891.964534319033,287.6853250984318,10785.097269028334,323.0003951942031,679.3652616002855,1.3223644994230113,1224.4763178014327,35.14133667022363,126.83201054675317
2024-11-14,6992.616933410459,286.43810886588915,17.37673416992818,13419.63616529143,290.54463327148284,10941.735387594332,307.71742931115654,679.1979421214811,1.3167231632552272,1234.7340476036138,35.39783678991655,127.02123799136331
2024-11-15,7086.127432772991,288.99788556739276,17.858887219424297,13318.606255478206,289.80913740284717,11055.139007347983,303.5867217876512,663.3234561250536,1.3259454341788808,1212.7798654653507,35.1559518044622,126.80682653360414
2024-11-18,7121.914141054574,294.3207766399065,18.351892469141013,13435.388104642676,294.6112956373639,10976.117995679568,354.4268878046502,657.1347944777541,1.3344436088211238,1216.2373542061575,37.81327329499813,128.220407456086
2024-11-19,7034.601765486528,290.5285136090174,18.89516572117647,13710.810146481266,296.972029556481,11043.263210877747,327.67893334729837,652.6015575134463,1.3297905392538165,1224.7040461044833,38.26067660549178,128.97844989020095
2024-11-20,7002.71625708761,292.4750157991406,19.01130281126042,13422.330682295798,294.0411075639008,10981.830859039377,320.0596261847841,658.4579255348355,1.32743587246737,1241.7249838623966,38.32784636162355,128.4624487229417
2024-11-21,6911.382188754177,292.2110911821062,19.029252278956925,13700.522035334532,300.9115881611097,11036.186528604152,298.23231181241107,654.5441470367067,1.3244861866851125,1227.5139930516887,38.17405102179243,128.0712697307904
2024-11-22,7055.008383340622,296.52352860067634,19.370159862842478,13546.44787312691,294.16067327595476,11088.062504990576,300.0985575237564,650.0025745546965,1.315816571552427,1239.6634072092775,37.040223583432535,128.4876095538242
2024-11-25,7066.189613897152,296.30311930284967,19.661754434636688,13653.704969302922,293.81764124390065,10955.239925306261,282.5841533914865,655.0644945574651,1.3097198776749461,1256.3302096385335,37.57735036023555,127.92600249445631
2024-11-26,7320.969873728151,294.8078817336752,19.546456656135128,13535.595593077496,298.8067080082192,10947.611047611223,281.0517576214649,645.8533721666714,1.3162924413785146,1236.465155250718,37.51432496862645,127.91845734825814
2024-11-27,7321.761352529254,297.69766726180274,19.7112688091244,13596.116057477904,295.274272015726,10978.168034690027,254.94149442204917,634.1790344795453,1.3197449093958677,1241.4565859388008,37.45218366634122,129.29887608886116
2024-11-28,7237.6719379388005,302.2326662486465,19.70334786388307,13842.309989293257,296.95098931523137,10939.520486150033,262.9371731949141,632.371458728442,1.3216803398274692,1247.855306387451,37.551979764723285,128.46976078309817
2024-11-29,7051.587297666515,299.3470539040551,19.375510154842235,13536.863254395452,299.82647156753,10974.9384886534,279.50840991200994,624.4352315697093,1.3130178350977753,1244.8440506262418,37.77155905585192,128.0360874093151
2024-12-02,6834.588242877096,299.3838127635472,19.888051420976566,13376.485653307764,295.590477211439,11059.252791355913,274.19381220986077,616.8096689262693,1.3138105016311123,1240.2208962011312,36.175244175953566,127.7471217255196
2024-12-03,6650.4317604294665,294.68039280429264,19.915993554455756,13437.007481220342,295.34461240789835,11060.631550531487,272.34746606370277,620.2492430659919,1.2988931385675742,1247.1143183003721,36.951291429258475,131.0419217956809
2024-12-04,6690.509693844425,283.4462124953866,20.755209393941975,14078.41456138437,294.6777207406241,11087.44616296312,270.1313543473543,625.4085816222018,1.3045086851082168,1241.2419899305055,36.18843121782674,131.7074568367263
2024-12-05,6760.163722571181,284.66974891223384,20.09733913368997,13863.25947797354,292.0434941108556,11230.848345444045,272.58592133095857,630.1166397353078,1.3063269680215253,1239.3344337003898,36.07458797320444,132.9322731022436
2024-12-06,6578.361330737308,287.7730700495727,19.88074846046571,14425.603974757538,303.81872253551774,11283.292343745328,272.0661928327584,636.6906708888417,1.2976996481427652,1247.6652037200847,37.264320213728666,133.7784106672386
2024-12-09,6693.228650005158,289.30031108033626,19.899699401624016,15000.577858917115,300.0227808940534,11308.226803484278,282.7183692029897,644.100096586591,1.3083611498987304,1265.5493695189452,38.971184771217246,134.70240400348948
2024-12-10,6643.249771399713,280.72408970158494,20.363666279189,14987.84909398007,305.314448159099,11215.623729996803,300.69702518724404,632.1311140874121,1.2967932679061378,1271.262099700409,37.36035666632478,135.24074934115237
2024-12-11,6668.8240589550005,279.45987123890444,20.533170170028583,14918.095130806381,303.4038043213898,11288.07677751936,288.7033342713021,634.9527198989847,1.3003663481343353,1272.8749245745867,37.399834555093754,135.66365157296934
2024-12-12,6873.4317791900285,270.01166040248677,20.667265890506396,14737.948171075976,297.96969615747486,11326.197052301111,284.27247897874616,632.1862597191728,1.3041114007384063,1267.8808470249921,37.667178196092706,134.1250689487235
2024-12-13,6993.67815563956,276.2981019732928,20.21259277365272,14733.588622374495,298.6103758185138,11462.398936573572,297.3810115101816,628.1991583093469,1.2961826707791466,1257.923168452749,36.284870353722376,134.53651261599046
2024-12-16,6968.312376593872,271.837235734718,19.756192507047192,14359.362354583747,302.0444585422474,11471.823833895829,276.9759643898036,631.6282309826274,1.2960669871613568,1269.3928407222738,37.03137935280478,134.44684046355425
2024-12-17,6865.6561155130885,277.65794623848905,19.88999974546391,14352.923031367574,306.9309743426068,11290.340408747086,250.98537416480917,622.1170881449568,1.285631638448506,1268.0890841350597,37.15031353270496,135.06181168019572
2024-12-18,6612.7455547551735,282.20220731548545,19.36050101122042,14781.765232198859,315.3179169151726,11123.34931916429,253.841603650502,612.6343970943933,1.2675910312442953,1280.0725235777445,37.34228014519762,135.01227019144812
2024-12-19,6535.534745684153,278.47113669544433,19.16139169199618,14625.750763317556,331.6401769612199,11201.722578335699,260.22009323616635,616.384216310703,1.2609670067562653,1276.9575318967152,36.50639233440887,135.86625448539817
2024-12-20,6518.562181986328,273.77041572472,19.36012913007844,14573.575101521525,333.1888073380418,11148.844115182994,250.9899192500988,619.3438251302961,1.2572109900368194,1270.5959102074696,36.896236124160254,136.9191272561094
2024-12-23,6411.44449574714,275.61246860860854,18.98917853882471,14124.181031169912,329.5858121182247,11197.233462286253,243.83218524116808,620.3545472100024,1.261393482662116,1275.1354422285672,37.6888819585383,133.79291034458618
2024-12-24,6403.994718965609,272.2134755917322,19.614643126140557,14239.153726968478,332.2659209087401,11213.235585523596,234.738142864185,615.7074576338861,1.2619448830896165,1274.6098281663928,37.82036029626175,133.3559697004791
2024-12-25,6420.559762882664,272.9602962104089,20.10674060752354,14325.205770722741,330.89794174951584,11200.890367996828,224.7804943197802,620.0911051302845,1.2626615270568908,1262.628786174996,37.34874060495359,131.41535045143965
2024-12-26,6402.303815149141,271.15784576868066,19.49049113408365,14356.904434899929,336.2824456690874,11195.65795690504,232.7114179235939,624.1490094335223,1.2563990192645653,1281.3764253166662,36.95487077152709,131.69313455581843
2024-12-27,6335.4310257677835,263.82937131043303,19.136151363604704,14312.184792311384,329.0795865501212,11113.243610350592,219.37316113515558,624.8782793105638,1.2531992123317464,1275.220318191997,37.170199517397705,131.40298345778086
2024-12-30,6362.323458805958,254.86018102891998,18.286512069884605,14247.035605228708,342.7362884567567,11116.111205996654,216.47997930472172,618.5394593707177,1.2475105662166068,1284.9755545038101,37.22673874158411,132.86259032738445
2024-12-31,6420.837532966304,256.06774364011153,18.00792458047524,14397.937423027883,347.8996690056539,11062.213094894545,206.89910530347873,616.4232077350757,1.2400170735147098,1293.917641320018,38.089849885375216,133.10967280950953
2025-01-01,6303.603050197415,254.05660820235883,18.291558787996724,14404.453741704625,338.21644570758184,11029.62424878459,192.37888976440482,621.3374028959271,1.2364651848188277,1281.2021864936567,37.64655247197355,132.62016713546424
2025-01-02,6473.508059294658,252.09542136641528,18.14621113759522,14505.413316681326,334.2979198858752,11001.943345744754,200.93384416795064,629.0551786686846,1.237049629269578,1271.2234004043935,36.52810145256563,133.6464297125176
2025-01-03,6469.789538133851,255.1984540056476,18.319713693535046,14579.356436841264,339.10369611768,10983.91231611787,195.77860594329582,627.4601404894345,1.233636141126191,1268.414467190416,36.868831492529424,133.3333133886101
2025-01-06,6479.756110029806,260.32128245299833,17.775676689120314,14908.80091370734,346.09171002569946,11079.88438467864,197.63195015329023,626.3022556951418,1.2317655015357925,1259.9127809742754,36.44223021051461,132.8297361019699
2025-01-07,6570.768074193281,259.47383120103996,18.067062872834516,15116.91917582015,338.8222922057237,11071.376999750244,183.27773305431623,625.6417288756129,1.236176417414875,1277.6904958362654,37.174398853997374,133.27532905846
2025-01-08,6606.332259289367,258.3476801104144,17.872949437370806,15187.594856804157,343.09150760601756,11178.322930242202,176.60325096300562,627.4424328087605,1.2332084995682375,1275.9011879317964,37.19256171064533,135.0332308840417
2025-01-09,6728.721004624289,260.7099700481448,17.882664123734617,15647.778927974214,332.0522777998457,11338.648879780954,183.4074335061203,624.419439068372,1.2251330816015575,1285.2724707210652,37.81777073363888,135.98564356063838
2025-01-10,6771.707810819757,255.39148277438517,17.85483373109567,15789.009353271807,331.6810153975923,11430.802058096056,208.7367029901735,608.6081659891971,1.2287123409462586,1290.8227870265193,36.881910157720355,136.63112357892615
2025-01-13,6705.509111223993,256.5870654185689,17.411715746528415,16201.573684164192,338.1462541150224,11490.514437335258,189.09751988798797,615.4228398636653,1.230469731474648,1293.8108542743605,37.02546235770067,139.6993137725654
2025-01-14,6757.388557728768,259.14771281918036,17.019872156947084,16405.887889933405,335.1247125995613,11528.974095599366,187.20559856628907,625.6942145354931,1.232616677108848,1294.4871372932269,36.39474032396614,138.91094909194126
2025-01-15,6627.644325176733,262.27193942894587,17.357722377193443,15857.519838569164,326.7793131993437,11623.76351760345,191.1047105064996,622.5040770764779,1.2366034682039528,1307.623842375855,35.3117202158847,138.10238510407592
2025-01-16,6648.581411700054,254.54912909442956,17.50203822774863,16271.834787557567,327.723646280017,11637.769827682601,185.3074787517014,616.803377154839,1.2395540655793098,1299.2808064931596,34.570033719439074,138.29096215336966
2025-01-17,6652.584132446383,251.74386821836214,17.878847767503178,16330.002085081456,324.50160775225163,11746.049332127714,193.3481774932496,616.2892363207449,1.2398561116179025,1317.6127388944387,34.11288943052919,140.0052746582907
2025-01-20,6635.667510036251,248.5042536332809,18.000715189296407,16330.21207969108,328.12445845031255,11815.87432591385,185.14808392399786,615.4962529939023,1.2548958701888877,1304.3747179908269,35.20163974592931,138.98230324202075
2025-01-21,6628.281645146397,249.17567104008143,18.057684035734027,16434.16685710056,323.3522976256117,11782.381766564362,186.5778058334844,621.28413716304,1.2469838972823777,1312.8178747575257,34.71317004762232,140.97508758879934
2025-01-22,6415.213693673274,251.37606057366017,17.45019965566518,16343.133382852864,319.2605710287043,11882.515132559944,181.7704716374678,621.8384174875096,1.243457327287869,1298.4023739369948,33.63713446034527,139.38922657488976
2025-01-23,6359.789381809029,257.75188436446166,17.36130286482395,16430.204535758476,308.60142791143255,11897.060146400821,193.1981411708125,617.6652688522641,1.2496110449839162,1295.3862602673473,33.7580053425971,139.28197378142374
2025-01-24,6378.075901002512,256.0001386310129,17.357003238579335,16262.725916848336,309.61810759479226,11890.456873755888,186.7737656920404,610.6237584213471,1.2506273061351079,1296.6128972148797,33.79277766294411,139.50329094750322
2025-01-27,6404.135054598424,254.24969263868115,18.05383655633546,16677.94034094113,308.8958741099693,11844.342679403626,183.51646399197205,615.6457378254316,1.255501237791541,1291.8326096445678,33.38964345645527,138.5494271475264
2025-01-28,6294.307990789609,259.25485611589494,18.309084298529175,16658.63556272178,302.83911888229454,11866.799135058487,192.40236636912508,619.2241344477765,1.2566930002244128,1290.2144970206655,33.26531255625039,137.890137324862
2025-01-29,6447.087462418654,260.77469822883404,18.885955867734374,16554.527698837876,303.960051079791,11978.491609855528,182.76239192774054,625.413066128608,1.2654831049420874,1276.2329331178757,34.09739083463956,138.79948054428516
2025-01-30,6354.970898628045,266.4107347683607,19.118746085771186,16282.42085811904,309.4376063965808,12079.540283530006,183.3917192061575,620.235135211865,1.2592501139520629,1266.4441783664133,34.684347704295654,140.43752830994342
2025-01-31,6474.604696270744,267.9388764577881,18.85434251753834,16382.157591969722,308.42904655163005,12122.869135297844,167.4186715006319,630.8351576655239,1.2678577885471498,1271.75677452211,35.20521642637959,138.10936463188307
2025-02-03,6532.417266764098,263.3134152602854,18.904230707411553,16456.949101228307,309.96229469610944,12193.346970759965,158.5549176876694,621.2610338738544,1.275430384406987,1272.3131302915062,34.188943281774726,138.33631142621945
2025-02-04,6464.62471548098,258.0400904016654,18.999453524680376,16595.438914716153,311.5304079599211,12338.639286136058,161.61348363378517,625.4915040797928,1.2678622728347877,1265.557051324203,36.758371567998175,138.23861531608986
2025-02-05,6682.556059229569,251.99034316888523,18.65150995409289,16290.95600601109,305.3392166271805,12326.926884598368,153.80302195141414,615.0794843517182,1.2719937603580018,1279.2917495562212,37.7485589985414,138.3851111954714
2025-02-06,6548.363001557673,254.9541169336506,18.514225044991683,15818.619013111907,316.32978828784974,12208.681135749086,149.67167456597548,610.9642946290664,1.271847235547748,1267.1206945872311,38.251126729617425,138.06247878586532
2025-02-07,6665.599320277151,260.1351086098174,18.44372156684098,16023.780491584117,313.9333983014111,12357.429187637907,153.40759195928123,619.8563305345241,1.2681224867971739,1263.7132783022566,37.16491690974385,136.67180006387943
2025-02-10,6794.886553199636,268.242370353069,19.05132046168228,16498.70833174038,317.58161217471195,12303.569599291572,149.02872489738866,624.7615172584985,1.2563294741404496,1258.863315170842,38.067407707278925,138.39623064548607
2025-02-11,6721.418295011255,272.18463036322737,18.28025662029002,16196.276596388474,321.89052112764114,12232.25589443929,155.28795624033955,621.9464655536325,1.2501209235383814,1265.3256046050376,37.604745875471785,139.71371615609854
2025-02-12,6900.290854026805,277.6013360174972,18.732087690870863,16709.555818551533,321.2560195952355,12040.917107410862,156.97150859241523,619.2967050007817,1.25468035905913,1266.0664285233236,37.43377951627953,139.62545706015757
2025-02-13,6877.5516666765525,275.3397473500476,18.389908589706174,16816.744233118327,324.71695315643217,12107.827643975446,160.4285176624456,620.1057862108768,1.2599223001486568,1265.2243668621895,35.90419031344374,139.10889242400114
2025-02-14,6921.68482306637,270.5895580822486,17.897490083321724,16831.310556109685,326.20721760828513,11937.194126279763,170.69814291001012,623.231074003914,1.2587214708297374,1246.9439750845859,34.81738856370892,138.46000344571075
2025-02-17,6962.54455583316,274.59695276935656,18.330371460397135,16721.368462904535,318.5670402798083,11861.605474820328,173.44974506239848,630.543136730487,1.264000164448195,1255.854244293215,35.21177683512257,135.65247363182695
2025-02-18,6954.072417262984,276.74244946069143,18.606245207212925,16303.529331923424,316.8993781729077,11929.339672741433,187.32222609006016,628.2106019824225,1.2701153539346854,1253.918448818722,36.11962919979355,136.06420023937514
2025-02-19,7064.780847582118,277.52371758744283,19.08471326991889,16629.00483076805,313.7419833789935,12011.904211662502,196.05463733275985,619.4112302044251,1.2712249027573952,1255.3302625784745,36.754441415665234,136.9436358002877
2025-02-20,7175.014576236233,279.55647851640896,19.39861557074781,16402.141879993746,311.41339485811073,11946.4341740083,190.98994081959708,620.5350661608555,1.2667686118807964,1248.0847666504567,37.36855398183976,137.12221940607876
2025-02-21,6961.056213573553,281.3150764613137,20.220533564973035,16177.082851598798,304.70778013194433,11936.792755334423,203.74682405611054,618.2328944078114,1.2696922248379692,1239.3208891290008,37.31929132679747,137.05495120705223
2025-02-24,7134.979245025284,287.46938841346616,20.45388986737186,16501.350099807576,310.72323383270793,11848.154389002151,206.4527278951078,611.2826991601223,1.2729148804121473,1254.5260622286257,36.95284762159421,137.22871922397786
2025-02-25,6932.943609171642,293.8108370428965,20.396096417189284,15937.351676505183,319.4294602409583,11794.537925037735,202.41852909939928,613.1677515298119,1.2773392122774228,1237.1025015284854,37.231869068099435,136.32247371917302
2025-02-26,7071.483710418355,296.7065711418657,20.542626278518537,15498.095693605559,324.9146454055727,11827.56085755929,205.25575048574257,612.2376544310388,1.2830065492955791,1226.958521995942,38.015740512846975,135.80591454293963
2025-02-27,7225.027284442034,301.0801536333734,21.06623328913453,15508.257240541989,332.1416435480872,11778.992565720964,216.99473837843203,614.1745316312906,1.274425345290165,1241.8252808537773,38.03176966890646,135.65245042824736
2025-02-28,7093.037113658564,303.90085741145214,20.746632286306173,15610.519461013226,330.33349097991174,11757.833725276763,221.9884516344577,609.4940235788338,1.2713072746958676,1248.4568504441863,39.21181697658527,136.43789315526715
2025-03-03,7049.233993083794,301.9987280366117,20.484042377315788,15770.718635739573,326.9104750152685,11608.49732931337,243.16616165560453,612.4146208654522,1.2594216585995845,1245.4595381590414,39.013253559481605,137.97884590591238
2025-03-04,6918.6196239582605,306.0130782338262,20.363965912055413,15696.233802117233,322.7410751755179,11732.162051733005,256.74195911861364,605.440113824503,1.2642607887667918,1258.1939746569687,38.0801995378872,137.75368515014947
2025-03-05,6900.181356991255,299.59031337569803,19.53046015649907,16485.773915429567,326.42476082921553,11790.858916349196,263.5464233202805,601.1870226610914,1.2630457139278537,1262.9524828499127,38.08175872355343,136.63442325954705
2025-03-06,6870.267739629036,305.02025495786313,19.590345616560064,16430.968271435853,327.81832000500987,11880.05224321398,250.366570998154,600.1141240261127,1.2658959189011987,1265.558467383185,38.19423930782345,136.7007308578465
2025-03-07,6975.729899661218,299.57530361805635,18.87077256947647,16375.44450603213,327.5192340919766,12023.637926410647,248.1266998526835,609.83974502226,1.2567156791948917,1268.097818651617,38.12742918015285,138.94609039997525
2025-03-10,7150.787745088072,301.27957963753965,18.896476695871236,16145.480734892724,334.9443198654593,11939.444988912428,249.0173839771956,614.4082674573165,1.2656763183104374,1273.080944049354,39.37969539331783,137.91307116375492
2025-03-11,7341.512127791747,297.56009551522715,19.232110069851277,16199.727309761014,337.3929624346999,11905.757101801495,257.8438796834422,620.6419654071722,1.2582664275602111,1278.4973497816775,40.192599540213415,138.92167617337384
2025-03-12,7276.3241401800515,300.5368664208634,19.05527092712976,16406.517637057957,332.74989170843094,11709.12630591392,266.1928207788261,628.859627286902,1.2632752321554734,1301.416422703325,38.79181857489835,140.44247551519766
2025-03-13,7257.677072438766,300.70437113861635,19.711181622888255,16802.81876239258,329.0519633924203,12049.610913494935,268.45893415500865,649.8447920736475,1.2641468779009157,1299.6488138299144,40.32084328206214,140.06657693665764
2025-03-14,7049.508708820468,293.45125130202786,19.14948939462053,16350.36554828369,333.02233767072664,12038.214147275885,270.07925490267087,650.348162796348,1.2630763286660764,1298.203917508842,37.66130262650555,139.3114483828288
2025-03-17,6956.3316005269135,295.75834687468125,19.617092753127917,16290.405963975152,339.10813076141216,12156.143177683716,279.9856347406011,658.9788651317081,1.2614974597517696,1285.6784578278352,39.75393067346784,139.98170226493036
2025-03-18,7086.698639347678,293.3586707904854,19.889739715191748,16445.694525202867,342.4403870917038,12026.243293537744,268.220388058558,665.278120911221,1.2576050526505138,1285.4018364640087,39.48125819531638,140.4058911041007
2025-03-19,7304.569321027885,297.8512915479997,19.224458366473797,16646.796659944135,353.8045701541828,12139.428380199162,291.9506488031686,671.5372402227596,1.265902290776524,1304.9627259293857,39.306381696353064,141.21670755406032
2025-03-20,7152.642057860788,298.18543298485633,20.301590395406308,16665.525253397955,363.92209528851026,12349.023816627165,263.54560652025253,682.6195177086365,1.266108730916138,1315.5441178500166,39.25922638935362,143.60770612032536
2025-03-21,7085.266239643289,300.4082212186646,20.281807903605085,16855.015782250834,366.80758902666224,12347.263875927225,283.43899274941765,680.3203648266331,1.258225126037179,1310.096784692998,39.65101789157984,143.8285106158515
2025-03-24,7090.4027673879355,296.1663186357271,19.934953363990946,16614.535937363413,361.76019905824296,12240.333905231497,282.79934855483674,677.5447801658496,1.2559374888353614,1310.6737878373124,39.66265399904346,142.49171997760504
2025-03-25,7134.805906899052,293.70970104182913,19.387584704729548,17130.802764051656,353.9344657795525,12229.94422207735,297.33713246502793,679.7693411095338,1.2568693571003298,1297.4098317911098,39.54246508644013,142.59622181133946
2025-03-26,7040.028259129696,291.883178891,19.308251375962776,17474.420191303878,351.7519646768926,11992.081239093974,302.79579756799376,678.9240315313068,1.2626504183465013,1287.6474677900164,40.87007438654276,142.90062619422685
2025-03-27,7102.488979037746,296.23731993045465,19.26489252957782,17050.58442538336,356.42752027701295,11992.789028907355,308.08026924125323,681.1453681237572,1.2589649557825175,1289.4456718888966,41.46451576386081,144.38550146747872
2025-03-28,7050.624361346287,304.6303038934675,19.310274467739966,16722.540207059064,367.81640357691225,12086.562026853324,316.7374151514498,691.0695605312641,1.2557098584398831,1284.6120645611122,40.49457130539274,144.18723541192773
2025-03-31,7057.254069991603,301.06198536340713,19.201365321047092,16409.591462093293,370.5841372087373,12087.507005723483,329.812991595468,688.3773522398051,1.255982578802035,1274.176361858678,41.263765703893206,143.74489388332321
2025-04-01,7135.548698710989,306.63120698796763,19.45192220455566,16638.96840486645,378.171878552765,12061.459264728934,324.43469258246466,686.7669828704936,1.2616057592200622,1279.4351676753583,41.8205333013837,142.20513193367654
2025-04-02,7144.942410524065,296.4951635850912,19.307493726308156,16253.97689785678,376.74876903421597,12123.713127981142,341.66277646786085,688.1204209279883,1.2531264003406848,1278.8493196512661,41.26668859998788,142.8578255266701
2025-04-03,7097.551072702743,291.20394866344975,18.580153857812665,16168.229078872502,380.91095934301484,12194.676707163133,323.6299345555078,686.9826156707486,1.2564224061634912,1263.1647795207368,42.104686961498,146.7654253183944
2025-04-04,7092.066952545185,287.08645889621147,18.530291738073164,16324.834416837937,386.43462649411305,12018.659146060103,323.5436893945884,675.5201148989304,1.2536358502579599,1242.6163617248271,41.9517332335995,146.53361238479494
2025-04-07,7089.29780523494,281.249811099222,17.678641768334963,16320.636980384472,373.79578120202575,12033.08305422688,337.35394235814863,672.271170034575,1.2517290638535625,1237.2102342521018,41.73240443945838,147.09379990143617
2025-04-08,7050.694318983374,274.51498994430625,17.80951106017464,16417.523036241935,371.32628447401515,12304.728799702862,354.56210897246274,676.7136030973355,1.2644455495065032,1221.8338828428637,41.48596112970834,146.4798410191575
2025-04-09,7026.352812178801,276.63912258059287,17.469327681152194,16104.504101425675,377.52094689234065,12162.6343967546,362.8258527477508,685.8000177450532,1.2633303629410801,1203.9425400096738,39.05426669020176,145.01505080137852
2025-04-10,7240.160805664488,275.9966607922483,17.53175567144477,16303.849145201952,379.43830608598313,12158.150015106585,355.7589350531949,678.9819193108285,1.2682333232263,1215.1085023057426,38.55495589086143,145.5487996520675
2025-04-11,7322.413354990601,277.98280337856164,18.0040250347734,16131.117939977143,371.9469592676515,12377.439782290458,372.07250517833444,672.2033891817,1.2729275652442902,1214.401894874003,39.260305892794385,145.61074475662667
2025-04-14,7292.316949293562,281.3802103191662,17.67092037836752,16047.970998439692,357.03691546802173,12506.056157202323,359.8259454666402,672.6553317785142,1.2655658033492296,1212.0681518551633,39.25008850801985,142.88676969653002
2025-04-15,7393.243188770639,282.8895922970607,18.055412425631232,16136.750764555076,354.965608896936,12453.384700155219,392.75691492361676,660.4706624839946,1.254067572005017,1210.4847151670406,38.02044488985356,144.76803835961078
2025-04-16,7357.776268692055,286.1971471702124,17.90495886191719,16184.561808435714,354.6757357594008,12481.50149552056,391.0976756095729,658.0941288228856,1.259351916169575,1199.7560125358648,38.96016912831191,145.27964060449614
2025-04-17,7523.820041012597,286.1935649831779,18.549477135931113,16208.137540637894,349.5257590418181,12486.257789691099,362.12014673602306,648.1509362109153,1.252672796113846,1203.947838633918,38.68201703151647,145.39462616455063
2025-04-18,7583.141446255631,281.1185561383249,18.420027976737355,15994.60573488332,350.51717455781926,12407.43657311157,341.1225784958152,656.4490926548084,1.2424168940279003,1202.9302075110243,37.52980542391607,144.93361217756717
2025-04-21,7577.596871957675,286.2316692359562,18.118412564108198,15919.743763229984,353.6891005242157,12404.10848934431,341.86778278309635,652.180371315549,1.2489327688741931,1195.902524188875,39.669623358983365,145.43338451828987
2025-04-22,7648.082927267296,283.85845643559645,18.37467685731385,15936.332625971912,357.88795481781045,12377.843406996728,344.2662449285856,662.2192367615678,1.2427072527078613,1190.3413577214978,38.65037298325517,145.98871307706722
2025-04-23,7443.783451037409,279.9486463091656,18.220688228375327,15540.895267602922,343.9751238333316,12395.36723556958,379.89623896469783,669.1567694271827,1.2380402436044504,1178.9455667742077,39.52145595024266,146.4874679827749
2025-04-24,7303.089176565783,279.46009072514966,17.921994007075238,15420.330906153866,336.509538084015,12317.085260799655,360.67352749878035,665.5418433859033,1.2504475740418681,1175.3553278103793,38.780240852136416,147.7739625734937
2025-04-25,7156.398011697753,275.71135950362134,17.756859235170683,15549.877256938295,334.90533460955163,12181.248733935847,361.38587857246364,659.4155248323718,1.2402374703804473,1173.3389472063534,38.92382501484684,149.34304815572276
2025-04-28,7183.449928557986,274.177479877451,17.74634796701149,15192.189539104751,338.31413314199284,12181.595576049627,342.74105926553557,658.5312408446366,1.2325946750560528,1169.5221175664722,38.067161489051934,151.78890015114763
2025-04-29,7419.895912340436,275.9943780763707,18.2346448728069,15545.271379923226,341.2761010248094,12376.039653640702,334.40154123213046,658.1745323436263,1.229887803716849,1170.272298283458,36.91689859698409,150.80626552642966
2025-04-30,7733.243949831385,277.84237710176825,17.54802826680951,15940.756844132797,344.16239318968485,12390.154232133826,363.77701786727073,660.4922995459638,1.2285340932586482,1169.7714193769114,37.41323303823207,150.14607164015447
2025-05-01,7831.964335687822,274.1810577826007,17.561398167102983,15583.634484727187,342.0631996177629,12358.175151527566,343.6845670608284,656.1546943920775,1.2231786706249654,1172.1673956143795,37.80558072741034,150.61065881430102
2025-05-02,7912.379451057442,272.349290036071,17.78759455480858,16006.838947442315,340.2993752959085,12447.310455623865,353.9219475573352,660.8415705314577,1.2162345635977285,1181.2808150183805,38.9147348229438,149.70480098969622
2025-05-05,7669.178567867568,277.37620487598457,17.86190532166406,15979.202212139517,336.2463743302018,12434.560034403095,360.94362028761515,662.6865360799451,1.225574402698333,1187.1357512585137,38.89296624174038,148.99626538062938
2025-05-06,7603.7487669615,279.8957260877655,18.341523883708998,16122.886616816699,340.80260829532784,12650.439931012043,360.50765767977015,660.9237817486146,1.2273097328448062,1196.475549113188,41.12524690023328,149.59371875451737
2025-05-07,7505.6890797249525,289.66299690624135,18.319767122221943,15987.440121712707,335.6453642350232,12655.055494108583,369.9933488846023,656.9646158061291,1.2310290044232692,1188.6263575285727,41.414492477040994,150.7058338502549
2025-05-08,7431.1900949365545,295.5092733913102,18.257749474744777,16286.57702729521,340.6671012232907,12740.186038032218,349.1438484152329,656.1347601900897,1.2303076778760387,1184.0365427848324,42.01809027728362,152.28248350476707
2025-05-09,7417.628756089935,301.30074160546917,18.480871230181826,16429.14775865782,342.009755924097,12659.017578457302,379.2896403536893,651.5890577545249,1.2322127753482552,1190.481888288476,40.62726997147385,152.0784224360631
2025-05-12,7363.694677835413,295.0081581426563,18.523171945196154,16193.147319527163,341.88468663189434,12721.552680596886,417.6076730403221,652.1926749208503,1.2380976715364649,1197.133554455313,40.02032329391647,152.67348386461921
2025-05-13,7114.496083216653,298.9644817809842,18.38461752929256,15854.435600416627,338.2243490291946,12758.190504132299,418.5923963735243,652.955500117411,1.2320686311908347,1190.8901226389446,40.55582418421133,153.00087043154522
2025-05-14,7219.580069385496,299.03931931696616,18.580956124126264,15436.017285788173,330.65158846598865,12756.805612376385,472.50718442806954,654.7571121189552,1.2338245687613272,1196.9704040108852,40.48265885035393,153.05309235159658
2025-05-15,7090.01470517812,296.74089737220595,18.34554243749591,15506.735179622412,327.16188884888146,12704.408800493567,463.17342657098163,665.5145676373396,1.2382498387285723,1188.2069952633847,40.6852567276972,152.0876191754357
2025-05-16,7129.163156399616,297.86715665246874,18.128097505832635,15692.0060530247,325.46176996120454,12636.719368199696,472.5403570688242,664.9876871239715,1.2479758876617233,1193.0271373331998,39.87515468588335,150.97452409788502
2025-05-19,7409.236119627093,302.7389819744508,17.943056266594784,15903.190698942986,312.73981762339906,12673.94086896779,507.6121177854294,671.2958209965082,1.2603159000632602,1193.0147661748767,40.00890741523398,151.81224183922717
2025-05-20,7296.380648114361,305.510544657266,18.44078127606469,15883.45690223891,311.8170238073154,12750.983901082369,496.09497251973085,672.9534721473526,1.2608822859465962,1180.110449719992,40.139695684788286,150.8343102426954
2025-05-21,6979.890633974312,301.57800726242687,17.29546379364672,15553.64767875884,316.8823688643158,12741.494770329447,462.9828129347139,671.7807306090302,1.2682080218028784,1176.2547439003,38.984139600220495,148.73505973117838
2025-05-22,6952.387822641814,305.5178042227565,17.438078512173362,15368.742936271925,320.0807581798625,12779.590210572464,427.13668996875856,671.3291546328404,1.251514049483583,1197.2096859402075,39.62731418407025,148.7270147821709
2025-05-23,7100.054397251267,302.7497798307858,17.455271097169827,15724.663314367144,317.5190553488119,12780.341262279819,473.4969197002576,671.2422649663816,1.2613914947133258,1199.3932817098591,37.989773646425206,150.4986979159602
2025-05-26,7363.627659120159,304.1355788684682,16.88328809330822,15596.124420057946,317.899644757999,12796.79674942711,461.1365369252399,673.2037493857455,1.2569473636895687,1221.9151587828203,38.17660757741105,147.20050381175022
2025-05-27,7211.094963321308,302.9961151153339,16.99329404069192,15654.327303188622,315.0341207407416,12778.842591613598,456.8738605611936,667.6834239175355,1.2555585921874755,1208.123123729047,39.911431167958156,146.89073142508497
2025-05-28,7284.591712321432,302.26923414049185,17.160905107741353,15352.986641315898,315.95818700834286,12786.02316418069,432.1484366580792,659.1994086091674,1.258456650158805,1215.6439693101615,40.60846497298804,147.7158809851033
2025-05-29,7232.507572478446,306.33461316939054,17.369688076671828,15466.944015463141,324.46955751870365,13105.53943075113,453.1331884771443,663.3579626617548,1.2576172730383133,1191.4836112514968,41.31121541959502,145.60576564587834
2025-05-30,7227.395488133773,301.6100361927949,16.477405210104358,15348.3671804432,329.98796954980855,13147.606236769052,435.76717725768805,669.0092405373261,1.2589790873734388,1191.7196867468222,40.40681084474101,145.38655196027935
2025-06-02,7588.826094910007,311.4871337714236,16.93898634504231,15672.328436611526,333.05568595270915,13229.476119911264,425.1937520531618,673.7833331014524,1.2691401313859783,1197.99235461723,42.24664352080722,144.09609636993335
2025-06-03,7395.1431143765485,302.8751444788266,16.69589891620974,15920.287411593754,330.4087940188987,13287.046216137198,431.60938300405934,674.9936903218062,1.2668310032200398,1206.2908503155952,43.739118405972974,142.96830866855612
2025-06-04,7437.916451173529,300.3228231386651,16.931816249197123,15786.826410430778,334.7820122274051,13260.95814563631,409.24691450425104,679.9425877351604,1.260090936205165,1198.8419879707048,42.83918020301204,142.53728895223176
2025-06-05,7509.8030457357545,302.43953205857053,17.18979589641371,15764.636009960435,325.4480024138504,13421.664342450913,405.60896835286576,684.5962346710522,1.2716957031777258,1209.0909596237457,42.34642610734793,141.2905571692107
2025-06-06,7667.2145954573825,305.6162989501584,16.89608611401741,15616.030701231528,324.18446587006525,13391.894949941343,435.06700026732767,689.7421901235156,1.2751770482238196,1204.1802995633602,43.7088425897409,139.96159360613024
2025-06-09,7689.971600304769,305.4612039606486,17.12588742542116,15215.7148417867,327.5483857866674,13525.072165326019,444.4834239053804,684.7008468033678,1.2876208654130274,1202.8410594839067,45.72998061100141,139.92326980995043
2025-06-10,7742.015081415594,305.51672619864127,16.99945591340056,14984.81505650604,331.8300524553579,13489.846582000444,447.3941070079497,678.2455948916243,1.2933223527011684,1198.9182961302902,44.32004079059514,142.46713080156863
2025-06-11,7696.859018326547,307.86868009261065,16.314492037412002,15056.405089658349,335.7648232168362,13379.150264014725,452.22647842275137,676.1482342789483,1.284919927005811,1188.3058241810554,43.23473372287584,143.36205140649
2025-06-12,7743.521907230603,307.0701481473046,16.705009314126425,15164.89805115534,337.58694964556827,13428.591268248007,443.51266487917314,676.3129255117994,1.289201876033722,1203.56305786921,43.09252398546198,144.55463323049764
2025-06-13,7705.074593631796,314.33745843264285,16.45299839926981,15222.975438751986,336.60016806791276,13301.064843334376,490.0630096650447,675.1119887375676,1.28300320774435,1204.2663156289805,40.828165491449674,145.50866240136745
2025-06-16,7801.121020461973,318.9379925069704,16.179060830492336,15151.096424947948,339.8285998983913,13370.688122709349,470.5612435309341,664.0705364115304,1.283179195265833,1215.030357211138,40.85986571505836,144.727912095652
2025-06-17,7758.697389229505,323.77922935183017,16.053976044055165,15437.523955018714,334.50195860220475,13233.04922368647,475.55018861923605,674.7104304337308,1.2828217872321521,1225.4728282547262,42.101858759481416,145.11726927488243
2025-06-18,7820.920549701713,319.1634599163401,16.146467288658954,15471.63677747728,329.86491474219713,13200.389771198483,478.2930901421598,673.3176389592672,1.2726150192823513,1216.2632274489113,40.626719477913575,146.42651862359753
2025-06-19,7826.187908802075,319.1091381981891,16.132822700982544,15695.440953384274,330.3433971663264,13036.600048289614,503.0360458370212,674.6348170724489,1.2675802921540975,1228.3996787195392,40.7682519282267,147.42954829633302
2025-06-20,7996.024165640884,317.92824577643876,16.31552669319631,15190.474557140165,331.45003384987905,13377.554873146755,531.5623636996755,682.5067885787773,1.281762056406299,1233.6035011617553,40.191654391206995,147.68872228409936
2025-06-23,7998.222678621716,313.19816120162267,15.889006022653115,14113.657601030383,321.44987212424314,13185.169260248513,530.7120449662227,668.5209422119518,1.2834190182483896,1223.6183709974648,41.88626716510712,148.33410608075778
2025-06-24,7756.294966421255,315.35491537640775,15.659530316355678,14204.160651061182,324.0763386815614,13191.609462730094,538.4813757667349,665.7155507776332,1.2824209313529262,1228.2656746056848,41.30622537292239,151.31597418106242
2025-06-25,7944.019285413785,312.9978707853531,15.627930907260321,13838.635826267275,328.4929852052695,13333.380716664757,547.3999188184406,663.6656097876444,1.2942276336061012,1218.4985579815589,42.917859781492524,152.36603340267482
2025-06-26,7824.940816373083,316.6454992415494,16.23740452301781,13796.677406287494,328.19292933087024,13463.713697521827,488.61387971099646,661.9245869811311,1.2917952515183388,1234.506231507274,42.294272477140474,152.01276014098693
2025-06-27,7742.683855850494,311.6122991536191,16.20534702711341,13731.438045035844,341.8484675234951,13572.697951860016,451.2958383866037,661.1562876865894,1.2913340314522332,1242.8179871888556,43.130528730737744,151.95313783117922
2025-06-30,7669.30865910165,320.6545687807907,16.565888913392065,14166.054338736094,338.0377800899829,13539.41709507627,437.84716050638065,670.0916314357008,1.2978769722190506,1242.3592377711789,43.41607264736523,150.70721158400278
2025-07-01,7870.852358135755,316.4366651514725,16.58364219903323,14288.406835900965,336.10351163891374,13710.541869873086,425.7234542517951,674.4351975607807,1.2954085813488085,1255.2447983348452,43.27923216958659,153.59438222358216
2025-07-02,7583.116215772309,317.8984362321448,16.42892707441722,14347.845896494293,333.98732577291526,13829.244773031594,400.9456355603351,680.5476989906691,1.2907114119900165,1239.7065654399128,42.44502372532321,155.60896157928659
2025-07-03,8033.366649316247,322.3060944262645,16.35296356308867,14592.426352384218,333.68847764463277,13861.236909166195,416.2578810278973,681.1087575507795,1.276375941397892,1232.5435739628952,42.80209562923579,155.74373125184076
2025-07-04,8197.364675673864,319.72826108771517,16.30286312712803,14709.655358590313,331.9616779048251,13896.839771022233,416.3019738352274,672.8535099401079,1.2705403404182862,1230.303174891629,42.345988036965444,158.51646515455545
2025-07-07,8240.252791700275,324.4757974479107,16.505830120585472,14596.886352111496,324.24641115659915,13864.424292627651,411.8569861925705,660.6408609774776,1.2646711604243321,1252.7562202419754,41.63451569695585,159.35233107165752
2025-07-08,8241.999152124776,318.5068594967997,16.9709979543222,14912.000404830675,321.3762110642131,13756.883095506297,386.7847761969332,651.8703522262942,1.26580080539157,1242.3220344616363,43.20894768067473,158.83578948998732
2025-07-09,8294.419202353158,326.3524377677705,17.098649801989893,14615.476955126604,320.97167589003135,13916.478567132594,385.92427106238046,654.2461044779874,1.2620693036005397,1225.7143162712036,43.817612644560995,160.02379427028276
2025-07-10,8382.641730363339,326.78559500697145,17.514709224840015,14720.229868192324,327.8770227793147,14087.43856426112,338.42649631151323,654.6950237621545,1.275888467714812,1211.8749493965588,44.54174438521556,160.5670586380831
2025-07-11,8490.7470452644,324.03829412783296,17.185143494724876,14308.001169523292,340.52098143478435,13981.381282038177,335.68026274071303,653.7192917433562,1.269286115574049,1220.9367991147412,44.12104425225896,161.6792639165243
2025-07-14,8586.38550490136,322.8457943022496,17.048336791559674,14377.92201202737,348.4796374748578,13967.629440758945,336.7424151517871,651.8150458262692,1.2783342486041043,1215.3898554980067,43.92955832543115,159.95008302911373
2025-07-15,8610.568294772913,327.4114053659806,16.808195576712073,14445.177756990537,344.05390852898427,13955.19249176411,340.8403004901917,663.989505125416,1.2798675895467555,1214.0868139318934,43.67050743535326,158.94834452453088
2025-07-16,8590.339249322087,324.7209557536794,16.919308612918417,14927.621427641687,340.1441820438443,13956.67317250302,315.2005025610325,659.3537650608015,1.2851693468457968,1221.7629563586165,44.05346280221145,160.88455190796662
2025-07-17,8577.266814211458,321.20401847459107,16.803317270908973,14504.787682440556,339.3598357229672,13970.338611012747,318.7636086089888,665.1486746725548,1.2901011098958828,1220.4628656217951,44.779437349009015,163.1111938031232
2025-07-18,8557.490322844635,320.41976674456885,17.055483795626532,14354.477631185326,349.9528768500825,14095.536184058617,302.5898401906924,665.426243523271,1.2759990206603433,1222.7022369446963,44.75900985739984,165.0012485136314
2025-07-21,8744.411602462356,314.78835164056926,16.745871462295792,14595.202658542214,349.1097347367668,14006.663893980602,290.5439146705116,665.327464599315,1.2760529156652718,1228.194345314331,43.89395613742873,167.98962404347182
2025-07-22,8848.950313375624,324.4492780690908,16.76531832972067,14703.181773769707,341.4559468182224,13905.939984524939,301.162896702693,672.6795639049838,1.274508371580299,1224.2148108149902,44.749975562075576,168.80111072010888
2025-07-23,8402.85767923389,321.8761687610993,17.002315245819883,14768.399269700461,338.6945471329679,14067.197428552674,333.07143603048354,681.8651143954147,1.2674355700204991,1222.831573360225,44.80079995173583,169.52117226506837
2025-07-24,8512.860855971787,326.54663483601644,16.31921862815263,14517.040048081415,343.21896050837535,14014.350787764562,333.9278419358326,680.6688472778477,1.2704786929639478,1225.4458959538276,43.22871985666969,168.32088273621284
2025-07-25,8553.010390079742,328.00350438612327,17.031696301168815,14369.351733241698,347.407206270947,13861.490708313424,320.5602206312839,685.856716726857,1.2815579094788396,1234.2335975319602,40.99387712369659,167.57448222047665
2025-07-28,8560.396898874065,323.2324576892783,16.940599168874783,14728.043032178954,346.36527064233576,13806.622567032982,323.59854114559664,688.3818926243289,1.264670275476003,1226.679903724113,41.31270775614366,164.96310371111588
2025-07-29,8510.947054248369,323.55738050968864,16.27308083974315,14728.357115739032,350.5530194749854,13771.17856764148,339.1542894112555,688.7033967613908,1.2614212835038074,1197.6324470594884,40.47697530739475,164.57229335110006
2025-07-30,8695.340022602022,328.00226595017483,16.329513885629883,14848.613965939818,337.39961725249196,13970.843672029496,349.8501826036021,690.2466442522863,1.2537138886490946,1204.4021615734894,40.92781293322592,161.91665672890176
2025-07-31,8855.535368737976,327.3756654085997,16.345342718085757,14830.975710685212,338.13091152595354,14093.250559503798,401.28048906379917,686.2602368676581,1.2542893363494652,1213.6168578126035,40.153892997855024,163.3556078255486
2025-08-01,8743.67805182036,334.05249207096983,16.32348910898118,14515.823383137276,343.2519703358807,14245.252375988639,387.1815785874528,684.646067727852,1.2523741124730174,1215.8036676716422,40.29990216757306,163.89675035072142
2025-08-04,8818.55365642471,339.9309092259652,16.65530763302853,14790.450267726514,338.561618307034,14356.50927522422,392.0954685289051,681.3501182620927,1.2487120421702147,1218.6597127664731,39.932439081620785,161.2937609441796
2025-08-05,8676.064704574339,345.3453830264255,16.911229044936693,14947.486156496496,333.91562926300014,14485.08704365962,423.66847464854567,687.1747922785001,1.25314975759233,1213.4131570572092,41.73278468574751,161.08116928995958
2025-08-06,8473.426089372835,343.1921581432727,17.017383248360925,15632.471159336976,323.6163584866103,14401.421273952203,456.34961340938,686.8609556215674,1.2635700587958518,1218.5219976439553,42.74896201979521,163.66958010212088
2025-08-07,8388.435354949446,337.68484151533346,17.176436580614226,15349.059308590862,332.6154309441919,14381.454317189828,413.95418998802734,679.1570874317863,1.2806242927786793,1227.1126631598095,44.226640658884214,163.53782526914702
2025-08-08,8529.895378555202,334.7539007634767,17.145766800023505,15606.431030182795,328.6996260396807,14259.5982884809,413.8847007769528,675.0194578787263,1.2760247005353034,1227.9129655587778,44.266515416921,162.26930689633556
2025-08-11,8687.918193629255,336.17622186733695,17.770879354992882,15237.564678267388,330.181359815631,14238.304769354347,445.7746132325831,656.1229106157043,1.2645864664750457,1252.881300145678,45.19956916567188,159.99992157685188
2025-08-12,8779.055999191458,339.4980080703936,17.25802419326725,15298.47766244284,333.72211925207483,14331.971297002197,515.0920498734743,653.4707033733592,1.268253994319291,1237.5529596227582,45.31684451632956,157.79995956812718
2025-08-13,8905.068498519977,328.2655673226269,17.311486477665934,15600.56215921724,342.5486952603572,14355.082293287283,533.5407320157715,653.953669566309,1.2786355983292481,1239.4152596124375,47.02684416849499,158.5092247489075
2025-08-14,8998.985223382266,328.5842014336291,17.339215568263327,15013.298608799356,341.7903581971322,14531.335311271914,523.816929353163,653.4142348003041,1.283976650899412,1228.0712876448554,46.95569697221727,157.99159113619913
2025-08-15,8906.355734190725,329.7789408034609,17.62884251853738,14969.917168307702,338.8058586171827,14388.577052242088,498.04084622402064,665.4294846907111,1.2944601758804055,1236.9932631300169,45.35712638197322,157.58009328792218
2025-08-18,8986.646516207615,328.67908379786485,17.33901669853302,14825.396357699014,339.94009296115837,14459.285114538214,556.4733394761713,669.1490484398761,1.2931308873162004,1221.685965688862,43.159466007239175,157.0706783331462
2025-08-19,9128.004691848362,335.9096506614919,16.74979150240848,14643.616278991305,347.5813608747234,14303.468373567564,577.1235344298549,672.6202425849397,1.289324515828761,1208.959982594228,45.011118899412224,156.92593852636185
2025-08-20,9263.89299837771,338.5564041466922,16.807450511012807,14765.945238597766,346.7159429808825,14321.32434838814,553.1631554827927,663.0109285704159,1.2901979156983243,1203.092079912785,45.56647085322392,155.42396810151294
2025-08-21,9475.644892534896,346.1090084215949,16.907323660353907,15098.819477061592,341.269696048925,14422.83393290769,547.5726663059916,661.1030283330791,1.288196094904836,1205.8945218507463,46.20456390392131,155.84867444905416
2025-08-22,9608.751333285445,345.29475353747495,17.4238310357764,15075.70133900624,332.5799157880756,14400.776336521703,556.1313473385537,658.4770902805077,1.2926034124047001,1200.403634378225,47.972108786020264,154.11573573884408
2025-08-25,9681.340258630566,350.8988657687495,16.99181279924042,15149.817822595303,325.8763855125691,14478.173750840493,571.4601975719038,654.0965686367424,1.2990161531639406,1195.0336358211337,46.04533255194316,153.21729020177898
2025-08-26,9881.487454116797,360.5963225399734,17.394003203483667,15197.947309117902,330.83269002063577,14359.398360057945,546.324926591692,649.6644982087643,1.3059719998638106,1193.5442100660907,45.64807196960929,154.4922190362239
2025-08-27,9888.630568790484,368.6494556149939,18.2428603652152,15213.67417020578,329.165993575819,14151.653268207498,529.8025455067677,639.4337163370379,1.309441295643308,1191.4717256227968,45.393077949529626,154.98888006697183
2025-08-28,9744.586753677366,362.66224342715606,18.1109819684622,14916.934777237524,325.91424929825024,14228.467661029346,487.77666790451667,632.3862026181786,1.3111828464038828,1205.9756197596746,46.25717125870347,155.87257204938388
2025-08-29,9727.692556289023,361.5907780455702,17.654657833512125,15249.665634659908,322.10026047341756,14459.343501768768,513.8060028469235,637.6357070807951,1.3165330438927483,1212.853892406858,45.47671790283695,158.60898106709348
2025-09-01,9609.656449945838,359.9951250076508,17.516795458383303,15350.780032813034,322.6953355907082,14336.03661450156,505.1042504503102,637.0708640954937,1.3038049054227767,1209.9506302763305,44.14440345552039,158.565015663571
2025-09-02,9504.974224642581,363.22357809200366,17.526959887902162,15481.860333475312,321.51297740399025,14500.398877992193,517.0196734942034,634.4276629282618,1.3053088685706904,1230.6662047593309,42.84150778509431,158.62396239248255
2025-09-03,9491.663889694226,367.63853704004333,17.731026559724455,15261.683709058469,320.1516089597091,14511.870483615985,555.1252990910235,634.6505752418909,1.305781985546017,1235.7634312362795,44.10366530969074,158.3205566241917
2025-09-04,9368.475374566013,363.13618760473514,17.52779879916598,15144.238566851878,327.7113427661351,14344.200940141784,561.2617417286118,641.610286073853,1.307304633533391,1226.4664690293564,43.30549751102518,157.79149410144296
2025-09-05,9327.873442061189,363.9306591294422,18.08697550859899,15108.7435192652,336.5273572412915,14204.548030241935,558.1003783474897,641.8913053337452,1.3068626853760852,1229.2317189853745,42.7247831345476,156.55224330473115
2025-09-08,9026.114600005207,352.74468217345446,17.69357267249119,14689.38682121577,327.5723925886644,14212.249876850463,563.5380804072371,645.2787217503803,1.309818588639514,1234.756094047155,43.420931041699916,156.6888976396452
2025-09-09,9071.714578742214,361.37479583568165,17.093825983938224,14239.967104415438,329.5335445461967,14166.274429025947,565.3214965462109,640.6369441111682,1.3061914739051477,1228.2279728326705,42.68160246233967,157.16601776519698
2025-09-10,9082.804252087863,358.81884371483034,17.48164639638008,14092.438616617594,325.34023038473555,14005.46881140117,601.6662199573083,637.3348834058701,1.3137205788976076,1218.1732332940035,40.91285272088621,157.71488023222432
2025-09-11,8960.942291406915,359.53497867767646,16.70919443026054,14247.283825052422,324.0997142703921,13799.074562060467,611.0903126882446,639.6243360074087,1.3169671733076531,1219.2599295514826,39.3384232385196,157.82767258765787
2025-09-12,9078.7980448943,358.15185596443763,16.646109695878142,14085.651700437253,325.93858077461414,13699.797548496635,594.6807509613151,650.8732432386787,1.3180915914039792,1215.9945302541335,39.29438160210815,159.0332220995025
2025-09-15,9244.401013471783,365.18114433919,17.722413887707262,13829.436092398833,324.8919685134324,13729.205283067364,626.6681670538273,659.566556128854,1.313634001420551,1230.7150088460917,39.79792429888116,159.10249512101743
2025-09-16,8991.520754529789,349.35668252621434,17.72346182625033,13630.64195397938,326.29782582741274,13733.906874813152,666.4341794350246,663.3006382489892,1.3191319781221755,1238.281529467964,39.60908957088322,158.61409915729405
2025-09-17,8879.568370038967,349.6482495322649,17.335803610294718,13526.745005697794,330.1843166927521,13677.560741517107,623.2980702973142,664.471004810938,1.3206277958482426,1232.1965046193777,40.04964037746628,157.47367436099518
2025-09-18,8767.996986818542,349.44093459885556,17.32110995879506,13449.548233151912,331.97472602215595,13707.91732268455,672.9452957079367,673.1719984845337,1.315780215533822,1236.6496871416095,38.47846584018653,155.56544257968477
2025-09-19,8631.256840730379,347.29562603519594,17.3087122098908,14028.4922818016,328.475621107625,13842.364945467998,685.3294220489033,678.2751093979679,1.3155390449778175,1249.4992648340674,37.03139874338681,157.4251043313802
2025-09-22,8771.612701312526,357.4144347761373,17.369624625212968,14326.747094756483,325.1108591001084,13897.110651742534,695.1051494341925,664.682852599289,1.31981544821699,1235.8913459419277,39.18972383516872,156.57848409810566
2025-09-23,8751.5585751854,352.7638027174484,17.60650135736963,14623.048152262609,317.37728479806646,13887.500260251545,730.986038107131,658.6713078074638,1.323592701022141,1226.0654504273687,40.42846726786063,155.45433811922103
2025-09-24,8720.447367717825,357.5400764100572,17.24954913047813,14966.314136644538,312.9284574572186,14009.586170560864,710.5544212424777,660.9431954120676,1.3269523244666916,1226.2011233772898,41.22556070598891,154.96692966181087
2025-09-25,8421.60996888935,359.9796500871541,17.847027484455648,14699.659862931208,323.6717083058474,13894.640205461646,745.2753638616216,650.6586715935568,1.3276991535104996,1226.7957491165948,40.56336635270193,154.6531127819062
2025-09-26,8528.713608576994,367.7236887508426,17.940114743418125,14376.564668380859,319.47074202967275,13872.089795848917,731.3667124088072,645.6818496567088,1.3346600056827305,1226.5288518806967,40.33482331466063,156.72500770612837
2025-09-29,8350.58746200688,364.2195280925385,18.20825628939078,14091.459317778414,313.18004711904473,13852.546821667158,679.3710600862918,641.8846118297809,1.343080108314335,1223.7279432038583,40.34523374763656,156.345382364937
2025-09-30,8369.638373280577,360.36927968916905,17.98633216860486,14467.785790700535,315.01398328527904,13704.668242812713,646.310245431393,640.6626696658061,1.3481754740186969,1220.7841622160968,41.70545425971908,159.70599889299172
2025-10-01,8421.630565346604,367.14850101658703,18.460619512535065,14332.473892819326,314.5493024226731,13658.440128546052,664.8960656780314,639.263153331978,1.3443557758552607,1224.7876392755918,42.14017187389297,159.8193629138674
2025-10-02,8640.801269768752,370.06236373405864,18.371466734671024,14009.730120266258,313.63056331814965,13411.103964163765,634.1955334234441,637.8569910814547,1.3373962312444343,1236.1961127276656,42.71069392297789,162.50364327255357
2025-10-03,8449.747429212493,361.4242747387452,18.479274195940885,13909.37633214018,321.36242134931814,13649.359811622688,687.362029740527,642.8695805024623,1.33389724104705,1231.6951506856506,42.54481362610248,163.70268004166306
2025-10-06,8012.359861292716,358.7133724960592,18.143051841865184,13860.314211571302,324.50621165699937,13540.10329304128,729.4751464286751,641.5934573961815,1.3471256811497845,1256.2091647539519,43.409338263939794,164.20902439248758
2025-10-07,8048.571513051007,361.3351014932915,17.79022299159885,13945.11846346046,321.7242455501663,13740.269809208206,779.7686369283888,639.6321132204367,1.3491593261872215,1276.3240598957218,43.751795590012364,166.32819924314518
2025-10-08,8323.674676343424,366.614179955403,18.042194298116414,14025.787302531078,319.53880050145034,13750.479330734659,784.6487656366603,632.1651283468269,1.3637167632380733,1290.2269887310201,43.81311590041767,167.8617591870876
2025-10-09,8521.606330458366,363.0506382491883,17.88819513788024,13820.6265637061,316.9470537405363,13826.091024992389,794.8308034935765,638.275338227263,1.3630337235469796,1296.9275314922818,43.01961257193808,168.74998002096837
2025-10-10,8564.097272663194,346.8922552081598,17.590597811310893,14015.86113066707,321.8241603751348,13770.908164003798,748.7788454512286,634.6833907080547,1.3614071394339213,1318.1930992974374,42.91051172526325,171.94230137904253
2025-10-13,8498.836549877291,350.1934790312533,17.370977905379476,13860.526070818612,320.2707721258482,13802.22250322165,787.0036206708667,628.7558366351302,1.3610392243820935,1315.400276068473,41.780449169057476,171.29236300142074
2025-10-14,8633.564747279022,343.8001976821876,17.62079852336169,13833.258081906519,310.77935512991235,13888.817735567687,802.0929683282098,630.2148666817105,1.3605481542240836,1306.9290864842064,41.75106799699871,169.96839573620107
2025-10-15,8493.775938850293,333.2467635289158,17.40572510984413,14028.969000075733,310.6484095702417,13977.725245379605,825.1703113436499,626.1302071427242,1.3554309100333997,1301.7016889540112,41.85652989405702,169.08518926320974
2025-10-16,8577.20491236172,318.83254650417285,17.370026098766704,13872.79598873576,302.7575483662301,14081.163315467054,897.8521342874559,623.4226959824487,1.3478020805865358,1291.5575040385716,39.42636898675485,171.5064460023848
2025-10-17,8665.993346102945,323.3675901497439,17.380460887908992,13737.263752452302,314.3365524557632,14040.17657048137,871.0568498863431,625.124553206811,1.3513199565425642,1293.0752138668627,39.211746894928346,173.5432646170706
2025-10-20,8843.567281102296,324.3903599805793,16.731608584153836,13906.464656943654,309.3421297755245,13985.201540089254,865.5803154504363,623.5397844839111,1.3586021821422365,1296.4398254618056,38.08724169775925,172.85011590021705
2025-10-21,9305.114679641096,323.5769987032056,16.251368684212142,13695.35720013773,308.615504313961,13791.495730426888,879.834404429486,636.9028013464996,1.3754504403408936,1298.7842447655241,38.57657957698871,169.65850567725184
2025-10-22,9382.325955475217,331.21294041737826,16.36594562617282,13609.197302945286,310.0971470498751,13862.13638041456,839.6305240119193,636.728659698494,1.3726081730626178,1298.9148430253024,39.20774638767155,169.4132279600162
2025-10-23,9307.926571737835,334.9759331780205,16.131309976530233,13767.420089210324,308.7026257291769,14003.433230293533,831.7916606932536,640.5352422528335,1.3703270424646175,1300.5593172431727,38.80370934607014,168.07910838754577
2025-10-24,9314.813841677053,344.12999852264437,16.48080879654182,14329.676896224555,307.3072066610103,14214.269656364999,852.547982615466,629.6907944415867,1.3651895480093172,1319.0146841234534,39.35178735997747,167.44974293423928
2025-10-27,9033.705636811294,336.9167007831288,16.807626518278358,14509.96101041767,309.6426789978841,14259.066059488814,838.7883655642293,625.0821332120404,1.3730326673097009,1325.8389400590092,39.949576417854985,166.07641133236214
2025-10-28,8932.156154500257,337.10110868674985,17.056239948323935,14655.497709000381,317.9088338192065,14166.706530283656,895.5229945714451,619.2448990222038,1.3787769752899428,1335.927078624641,39.732725712026145,163.98446325099505
2025-10-29,8877.240307580336,328.85453072387537,17.69375145119591,14818.861060485688,322.2128364532674,13957.552168608301,830.3619341590086,614.1943527462624,1.3728820049642059,1338.2353073792606,41.29875473205689,166.50699524287216
2025-10-30,8804.448819134645,328.01042119699326,17.66967273712021,14534.282223862121,330.5464010314513,14094.656253960899,878.3105502751926,616.7422906810831,1.3668395719264934,1321.314535998208,40.569050555567195,165.63191989687073
2025-10-31,8839.227881061639,327.06781220167994,17.905848724425702,14580.813027417633,324.84707108024986,13874.175679315287,907.8321518711668,622.7663080992645,1.3735021156355947,1302.5397884055692,42.101763025526395,167.54790641213893
2025-11-03,8719.797108537754,330.7270273534328,17.703093252278983,14587.148844183734,326.73507875458296,13837.24418342904,882.3758308911412,624.9508555807283,1.376273862424453,1324.6900689104991,41.87795819751426,167.28490077425397
2025-11-04,8908.220679703418,331.3324879265531,18.59860880671919,14691.234614551468,327.729596909638,13814.863105650245,842.5202090626191,623.9268999317749,1.3816406795273508,1319.3298834217835,41.01658398425485,165.8115525484294
2025-11-05,8918.950203372833,335.0222275998193,19.35710345317215,14738.523088375681,329.8234201099705,13811.75378186162,759.2897965006009,620.642678018854,1.3756933365669626,1313.0989219227574,40.66987963844906,166.52150579399
2025-11-06,8928.16461635294,339.18711704897055,19.367512798035108,14860.088250684652,337.7660054509873,13821.732556660958,729.6936346374974,627.1450893741855,1.3629742010692434,1315.945263294236,39.57917237420614,166.03456841686338
2025-11-07,8886.281995194087,351.4722573354831,19.523693688345098,14787.1875740687,336.6352327123466,13844.464870088737,768.9174374549233,639.2011639903201,1.3571601606233261,1322.0168175251536,40.37525011969026,165.7928638903605
2025-11-10,8921.839712238012,350.0885194259239,20.067763887053246,14818.474373446268,334.45635455388907,13552.177493267582,766.7641933760702,640.2346288864261,1.3619714327930823,1329.4606846352626,38.80106722254622,166.01837064695482
2025-11-11,9066.206592361385,345.236493963994,20.014799017741097,14491.263173265948,337.64129175778714,13559.387857129625,812.6726288635872,645.9286084118729,1.3765612244277377,1348.7371470062124,40.18476588955142,164.9761216401155
2025-11-12,8936.514140464826,346.97995433332784,19.75960039907507,14417.859623968412,327.7183723202089,13295.331493044045,787.8713415623562,648.1870535152832,1.373745846147271,1365.300565695365,39.26726757840464,162.88291914527306
2025-11-13,8841.879782921462,342.9314350437636,20.1140638498666,14818.753798838135,326.5320589866095,13388.590923955802,816.225049098904,652.8705440983675,1.3896063177794828,1356.7432153006478,40.10927563203114,162.84869176969693
2025-11-14,8804.231257603511,351.54646799557037,20.151687853738668,14923.704959601004,325.91831191855556,13327.196464146968,787.4620525492131,646.3220704979348,1.395523454715979,1367.5721437124873,40.14561691188121,164.1421531639137
2025-11-17,8603.823986542991,350.3422076746312,20.231644505911106,14932.699205408653,320.9870169113076,13076.195813432976,750.3474995732133,643.7463062924332,1.3859757715028858,1363.6491194055645,40.43046757700653,162.99509525506687
2025-11-18,8488.056965225793,347.5682995423697,19.902841519662505,15495.96594094238,326.93804226393365,12985.91906620894,746.3391123639594,646.300094912318,1.3875985469232028,1362.4222920014838,39.850404844900474,163.22862215828894
2025-11-19,8425.71329568903,345.3367885654156,19.23649139157059,15115.54770734984,321.21561464338834,12924.63194301004,721.9325731656963,653.6528222135697,1.3937451275861747,1350.820653023352,40.21551089687741,165.23948820034263
2025-11-20,8569.652146256265,349.71369952306685,19.333356433233877,14815.059660270153,320.60272907214323,13069.107513476021,668.3357306761702,649.1171115312156,1.3770823829745378,1332.914257346855,40.36354885506287,165.1538966409563
2025-11-21,8620.587570694497,349.21607847329113,19.692368157865552,15320.406912832594,322.333403787106,13097.494860013961,662.2710432782293,637.6014857056039,1.3816650110103295,1332.844289580743,38.93055215977332,165.30074323378597
2025-11-24,8661.06647396645,346.02955743482323,19.609517253632333,15349.132881522408,329.96780922669086,13143.416466988767,665.8048928207584,635.0025901040567,1.3899293347122867,1322.9543333344075,38.01636955945929,165.40685056795434
2025-11-25,8805.301891483034,355.7647963889595,20.18709649540859,15293.836512953121,330.04058855273996,13289.204037120757,709.3964970863391,641.0582037096193,1.3928433706045413,1333.0770966299228,37.51699544124612,164.53929951684907
2025-11-26,8794.102580674058,351.31073289920465,19.910859500502763,14964.26495915366,335.46923512123175,13283.022027554221,743.4153368472104,632.2375500753935,1.3925528453497023,1330.3489157640754,36.8265528241042,163.26956508605724
2025-11-27,8866.762211879684,351.89758020657484,19.501106300744734,15107.19698550732,339.6244252255648,13378.84023741217,790.1731101998785,625.8263364921813,1.3914884605919302,1333.9039884927931,38.00962445369596,162.0149329047571
2025-11-28,8860.929876267925,355.980895954517,19.480745961408903,15279.560028090737,340.4741325951785,13466.823229042624,819.1522165778304,626.9558867787193,1.3900189741646327,1348.8470335098305,38.02769679842515,162.52534762414612
2025-12-01,8914.04598788528,347.19122352340776,19.454428678160408,14980.069183878106,334.3597221632425,13317.126274900116,832.8891508963794,626.5524192751634,1.3820079785346737,1333.181001215205,37.305768779536656,163.54643463181566
2025-12-02,8831.621011132109,350.2544437906401,19.76226110784031,14955.144589938049,326.4345767808718,13500.243858947306,783.2510855874897,630.1655982447335,1.3774030512484619,1325.7401108603103,36.86190850607164,164.63610461460792
2025-12-03,8462.459639466966,344.770214366843,19.464160624309812,14874.979295934141,327.1569885720301,13334.104921531392,789.142510123716,623.4846204636023,1.3746744083085012,1327.925495539987,36.41086251884217,164.17111515333377
2025-12-04,8452.166879749671,349.723441258862,20.010091925492446,14962.455927401954,324.2822557295435,13450.029948930198,813.0451268585521,621.9124274901586,1.3755922709051445,1331.516003366878,36.16044761465537,165.64645654241187
2025-12-05,8681.82977839045,344.7571506857257,20.81918842361297,14662.282362622242,329.5215436871215,13272.943971538854,874.5054373153854,628.8897478078297,1.3719050303739209,1343.5913291123034,35.21185018926559,166.08748171770722
2025-12-08,8838.385176829754,348.9834718982923,20.80913766952987,15030.258046444225,333.8598504811964,13350.29933233766,905.0343865388134,622.4229800703874,1.3660927541428702,1353.2151455985731,34.5129425922437,166.21474312473566
2025-12-09,9004.111824402606,355.6040496116225,21.342201629131104,15309.384773229758,332.9468636644844,13581.329795152013,962.9409690288928,631.0039387238161,1.3714293472849797,1354.5358090597608,35.19132396891232,161.86549819385579
2025-12-10,9217.756657925445,360.9360789716444,20.90224288458232,15219.320231796963,326.58876790623225,13560.745142133495,914.5134875886849,625.2211028167593,1.3741104619577977,1358.0991750036878,35.36537208290943,160.8426335180454
2025-12-11,9243.564059532178,362.789197509669,21.363009515514786,15172.032001770698,329.56852314539816,13534.90672570018,899.7089615830504,630.270937134071,1.3705476950001723,1361.973381420247,35.2415122485111,158.92901757647385
2025-12-12,9287.591061602217,361.84687582483184,21.821733599231088,15147.897027195982,324.0439493466715,13614.91647998755,919.232305076499,628.4102134093309,1.3741588928858297,1346.3227201776256,35.25439785855456,159.76025100757678
2025-12-15,9195.934467014253,358.91960221920715,22.20850165193842,14940.473157628532,320.02056713814596,13580.044833917153,974.1706612942312,622.2170488280944,1.3711859745473578,1344.9084731770101,35.224831157181285,159.91373713149326
2025-12-16,9154.743582034504,367.871969700005,22.208251546144616,14829.948608664736,314.8622364267096,13809.626644850472,967.122408173082,619.6884759035738,1.3717555808421265,1347.8540657493988,35.051660477270396,158.57991087497558
2025-12-17,9267.89289352936,364.178104369544,20.9403712028735,14768.751356388717,314.2474337325111,13839.06876514847,963.1438474856412,622.9842616306581,1.3785973726161511,1353.0782117238118,35.518390615741914,158.99830412653668
2025-12-18,9482.291152153502,358.57935503842975,20.67953139129414,15243.574238384153,320.6896877662831,13804.769337142712,996.8096114370773,623.1950616130208,1.3745795192470978,1343.377877472516,35.92486260643247,157.22935471064298
2025-12-19,9469.877171323886,362.8160264020269,20.428399580673478,15535.749703813832,320.7904980464907,13743.301844572889,942.2458699149316,629.7518135279644,1.3666818874351463,1330.0770366497957,34.550966824719694,155.95312675444242
2025-12-22,9404.727891896737,358.61798117461024,20.03861115701982,15829.926647797818,318.50989378744435,13633.841269442708,1021.1007350406696,638.1972823532517,1.3658270590439832,1327.849348346736,34.44784628998255,155.10056638704162
2025-12-23,9416.109822789636,353.5965898618521,20.093689898200434,15957.530137921525,310.47956450713986,13562.453947693512,977.188598462446,631.6908919895758,1.356683100538093,1349.1834141064417,33.185100449234035,155.80337763539256
2025-12-24,9529.990823828826,345.90321775777505,19.93200161517964,15637.965032080298,313.53286977884227,13525.12646553127,887.8032921280818,624.838837974075,1.3549378438539363,1340.6379072803288,33.72672074509134,157.58899494212568
2025-12-25,9296.652304553516,343.6186479958307,19.611856783292147,15641.27545504905,309.5245232540805,13471.285545284798,888.25028078002,617.7912475636408,1.3531732559767675,1353.5584004573257,34.39055929268473,156.88330964808102
2025-12-26,8930.953025250896,343.5418782907876,19.20668351678115,15948.305149399019,310.26759151747365,13397.080981983534,966.9787172133518,613.0569579964249,1.3367402133177464,1371.1021343091138,33.87958481408708,158.58360767895618
2025-12-29,8853.505193390993,345.2602526982607,18.939469134879793,15587.129402161669,308.5282487147953,13658.013474931684,995.7529081712989,619.4275710768277,1.3404255650316717,1371.875286650203,33.79097115535887,158.675490417051
2025-12-30,8671.489921822578,350.9414457077062,19.374892809683825,15792.577423567962,313.08114928970537,13537.39101163927,1033.858987239911,622.8084680823451,1.3393356407784343,1364.7071216918507,32.06315763633533,159.0073267228651
2025-12-31,8602.854789403404,354.30203479017564,19.126169759319293,16521.61661922594,312.3703181661261,13560.691200957433,1036.0005543506718,620.0088725514318,1.3474085873763106,1370.5915010612775,32.86234190190716,158.95797271199245
2026-01-01,8590.303392963486,353.6104202881129,18.93588440341609,16875.183957518882,312.18240648692137,13638.653681247508,1028.1373880447848,620.1949506756592,1.3489963111530046,1373.0057594891393,33.46061992235251,158.73899851646163
2026-01-02,8530.735503892054,352.87880474492493,18.769342398949835,17352.050632109487,314.8969223563045,13721.705412603887,951.708332631832,628.3344665463738,1.3541025166811447,1363.8744227581942,34.44698082192382,159.32971509896532
2026-01-05,8767.222038874877,356.16253589075853,18.902698422945075,17441.61692407411,326.5109017039151,13719.956504971567,850.0450105481101,639.4731999954893,1.3623199326993034,1356.9765055026357,35.76196711874669,160.30821476082528
2026-01-06,8829.526637254177,363.8887942865832,19.081698373517433,17783.122525017705,331.6124393161492,13695.744018059213,858.4280935516579,641.2242061793545,1.36155917315027,1362.1818367336678,34.69453651362981,159.20957467647565
2026-01-07,8888.070134147634,365.02627523947785,17.95981109208938,17559.77234426565,331.2457780685419,13757.017483738508,916.6542700391766,626.3101155822944,1.3616897312249594,1372.6665421527568,35.484051088625314,159.00044648299126
2026-01-08,8998.965909403607,362.6953567417121,18.336053326760407,17845.154880384514,331.3963190326387,13795.573105262407,932.5633301192,628.2393501011634,1.351153486210968,1369.4003011483933,36.83195981606711,161.1702421627125
2026-01-09,8826.960010439776,357.3720472447954,18.87610071615274,18086.492892478065,328.58395852650125,13768.964658469122,962.0986959072584,633.8003235548038,1.3596894805941313,1368.9168943548875,35.491793287529745,161.4311474692317
2026-01-12,9004.41207558665,349.58757552499276,18.48931280189398,18204.589324123543,323.4493263613697,13582.201393697394,1041.380918034665,635.3370519840191,1.358835201913076,1376.5342781150264,35.35080677109238,161.83418653223015
2026-01-13,9002.937659385343,353.7231053494053,18.13868433888208,18684.19284409921,320.5523804155315,13530.53388922496,1058.6409689637653,639.7607528983021,1.3521544521277589,1374.911069897926,35.04160833128524,163.3851700019256
2026-01-14,9123.190530576483,357.4023132572918,17.981471131303945,18512.403224740312,316.4987094654615,13396.988589750865,1052.1684507225252,642.0767669551674,1.3573005306311525,1371.8969769567932,35.80983983922776,162.76386401988677
2026-01-15,8959.605093157661,361.1162366064857,17.71694924294779,18465.181159152482,320.1617787328159,13322.116030477146,1009.9764214437306,635.2356690997683,1.3427220274581195,1363.9047290507228,33.73966623574015,162.75219671451967
2026-01-16,8722.958813159936,360.7702540730919,17.801812949634655,18517.21126044344,314.5100760677136,13331.431566878484,1117.4369369168512,630.4412156616345,1.339977129384457,1355.770914664239,35.31730700552614,163.85199283830116
2026-01-19,8862.957456736622,369.3897413850092,17.127233474067566,18176.654111493335,321.8484213435326,13379.894209904438,1147.2468201588842,628.8731373282978,1.346211163820664,1385.3063344953957,35.22865100832959,165.51714018026976
2026-01-20,8933.925456687031,366.94295516136896,16.75356791312832,18273.46004590946,326.12002291601516,13601.461127902012,1094.3766336051967,635.1862607519081,1.343402388955875,1383.410299255837,36.05559528410881,162.44729474840955
2026-01-21,8800.591640847158,373.0045836748859,17.28251314322426,17703.99036684398,326.36422472556677,13541.249771945848,1032.131966495958,631.0753842322708,1.3387226089268018,1398.8803247705678,36.01214093285261,161.5250532029543
2026-01-22,8674.303337361029,373.1837112756383,16.969723573460485,18077.75532321811,326.4965649576186,13641.439692565162,1098.8670777474306,633.9236028779512,1.3360735264920705,1418.137080722674,36.468878608119624,160.27215458290615
2026-01-23,8862.446381478172,369.9756562986105,17.40224734337052,18111.884132900097,323.5474064629734,13684.527791908215,1043.319685618688,635.9129483631849,1.3228459812632645,1416.3390900811091,34.42296054887627,160.14549336075692
2026-01-26,8685.139204560373,373.9109601493426,17.53162020665443,17951.458041427915,325.1664095223448,13850.617485212477,1144.650491484469,645.3142811459701,1.3277195602405703,1420.803952970948,34.103558723071785,158.9995470275065
2026-01-27,8956.518049238884,376.78392221168053,16.91364622718315,17686.79367322049,331.3696940170508,13928.20434503465,997.2799091118055,645.3303380536345,1.3270367168412236,1422.2536675244733,34.84451620205791,159.87850728503383
2026-01-28,8823.074284842447,379.35917084643546,17.135071859938908,17625.755964367065,327.56319313634793,13807.881344210811,1070.7999252236325,635.4729418235369,1.3253635524044352,1404.308828195942,35.10747529541709,160.13120013443555
2026-01-29,8935.761953068353,380.27089921470167,17.099923725914454,17875.627160711134,319.2623974138273,13600.847769291791,1097.1881758779093,639.4390746118285,1.3237166948170092,1387.2584486500543,33.70995019728398,161.30661606176028
2026-01-30,8893.727827019036,380.4586893768933,16.94994623594589,18080.702593600396,323.2312584346775,13644.458685113823,1103.7135234386692,652.1234229638202,1.323942274026616,1388.078266072311,33.771885762942674,162.5736394668337
2026-02-02,9001.611919945093,395.7139310973863,17.03830089618399,17857.792962355332,325.1485838678969,13585.15188405801,1094.073080318031,656.580491438173,1.328407748871313,1383.6444720611835,33.09757828324529,163.4919499292063
2026-02-03,8924.5830677582,403.72730414181274,17.20597097825911,17590.610048432965,319.1428727131811,13471.20708672767,1202.5496308718443,652.203310222371,1.3281947986586873,1405.0228732596993,32.36652257543408,163.0859608228998
2026-02-04,8909.15446049919,408.87312112811304,17.45643432507364,17829.356049821276,315.3147120852227,13323.726590416707,1245.8237256179973,646.1416976266363,1.3193148427169668,1402.6467661609793,31.168478447615787,163.25471488526495
2026-02-05,8926.424156800022,410.05597597841427,17.878043983516857,17603.92193487994,310.8673995951576,13348.3820069027,1190.8135841715527,640.8799195648119,1.3232490633308933,1424.9951796602384,31.663824412000817,162.6864384873761
2026-02-06,8777.36729451351,417.17599885690726,18.029982833760602,17641.604423154615,307.1847643484675,13536.158994063231,1092.7432305799703,652.8007243949271,1.3266844994783487,1419.858615137145,32.56702275943257,160.9520951996124
2026-02-09,8905.876576512801,421.11085341123436,17.54595437413765,17700.826587429303,305.6213135050129,13491.859420830762,1102.4733112375548,651.1408422546444,1.32818135913914,1442.0344128081524,34.35006060299508,162.21734602132642
2026-02-10,8834.579449613488,421.75112329304307,17.385742854894623,17823.904732794013,304.3613034317975,13569.151313304226,1102.4142680117593,647.5280906097416,1.3354747062885512,1448.178122525158,33.117192988165584,162.14071367116213
2026-02-11,8808.865923974543,420.1695648468822,18.44533440810744,18135.07044165508,301.132992192754,13562.091802640232,1021.7421515021497,646.864112902592,1.3358111459006572,1455.0097976165428,33.76878574670539,160.23534894975833
2026-02-12,8662.994230575168,420.0877752888928,18.72016494370318,17722.789631842457,297.39559337911004,13410.984293258223,1018.9161718378155,645.2798396183109,1.343389083385219,1449.3548446622747,34.48988737291632,160.95732407317578
2026-02-13,8282.446626689465,399.74900651745656,19.63447653968692,17107.88270239941,296.35968922805165,13505.370168907162,990.0921633219612,654.7103576782899,1.3530098683138438,1456.3508077576037,34.003162823603056,160.70134954736812
2026-02-16,8263.927107880514,401.53972898253943,20.19622508101761,16941.357735656187,297.3246498694952,13378.315745178428,990.5521713426972,649.0194194699313,1.3570906864425811,1476.5016911988753,33.241998279033254,158.10656043899778
2026-02-17,8641.074935662824,398.8521762277347,20.300220563732484,17548.82288259195,295.84852926518425,13386.273388240423,1027.1658812170708,656.2149660952084,1.3521603046690454,1475.086965418339,32.361535022120385,156.40978728121146
2026-02-18,8774.500688251688,409.59693163463186,20.429090553527022,18254.437174888746,301.8544469010865,13350.530530650442,1106.7567985857509,657.1992574879553,1.3514115118226595,1471.3815261304705,31.94726886919279,155.56669017600854
2026-02-19,8781.991280659391,410.1746676775367,20.42027524423527,18919.64024527986,304.59481818075625,13463.654844051442,1158.213101004719,664.6432928235993,1.3599445008436049,1468.7734618753998,32.11914390372632,155.8600691177648
2026-02-20,8751.027695161103,402.8884291980472,19.728656027203648,18869.255471570228,296.58624376304954,13341.37971644483,1117.1785440304961,674.4476545703816,1.3499340661674963,1488.231594351992,33.24003543183807,156.87711184510934
2026-02-23,8765.078990936341,403.01008664338156,19.741699894900485,18259.284974510432,299.35837099330365,13393.751487906306,1137.9769790770265,675.2326141555957,1.347425834616703,1498.7499220081202,34.18163441351475,157.85753091867613
2026-02-24,8862.45376121257,396.7568613577016,20.23161814910268,17481.723669245042,302.5769631006011,13298.21897575264,1141.5733726179278,673.5900372981262,1.3452517346622301,1516.511778851232,32.83854805043877,158.6524287616322
2026-02-25,8686.490857156557,400.21350684425664,19.996431560945034,17296.241929146432,300.4691763361719,13242.48428534248,1068.0141767501498,674.2610038843899,1.339578625404281,1520.6255510344965,32.20694103954713,158.64054630256652
2026-02-26,8873.123126748755,402.5234393790073,20.167913394312016,17248.511491460664,293.04518587834747,12821.370713469109,1089.49322157983,673.955675922179,1.345572402524686,1521.4081976332714,33.280545229365224,160.873571506528
2026-02-27,8998.91215171065,409.1896595097046,20.52050677389628,17697.753878792275,293.2026329592634,13070.297021906412,1195.478197596066,664.2453923007411,1.348244769779523,1526.88223903261,32.68759597955462,161.80918268241598
2026-03-02,9126.945124318963,404.48904571278064,20.156586487193845,18009.979766992772,293.28150127041346,13140.476362383759,1197.4180346457142,673.8610762108891,1.3435942298182,1540.318437074819,32.65091317744309,162.12937040123018
2026-03-03,9210.310880439185,405.15462510073763,19.981464133851915,18106.06078561951,287.8573131620532,13055.26026341684,1105.6777185427675,675.62354608932,1.3478029857169922,1537.583804847046,31.297574441052998,162.89849945296606
2026-03-04,9224.626526716427,396.8381186284037,19.584664190258785,17820.32538843151,280.9549090037478,12928.953279895577,1107.3523552095207,668.855567553915,1.346870519353631,1554.8228905273902,32.22254735867576,162.41179007544054
2026-03-05,9348.241085869911,401.75897832161195,19.271041111812718,17515.476648350428,280.6492811442691,12876.557342813625,1042.1504206278064,656.7874393169704,1.3410230525792393,1559.6918767267318,30.72718387040055,162.36990155051984
2026-03-06,9459.701804586002,405.5541044990394,18.786741898575684,17617.862392831015,279.65129938462604,12965.089390388923,1088.1364627226308,643.429227748005,1.3363849939007644,1530.2606214726698,29.499622491603706,159.71986595654585
2026-03-09,9410.895634277264,409.2340212977459,18.45697658433919,17870.606437365426,277.7857009445823,12751.278605785252,1117.0707031595853,648.1656942883017,1.3394357699169892,1541.42298982087,30.29394607022047,159.2583078436654
2026-03-10,9325.413392138928,409.69503920694683,18.99415969195463,18022.176162736298,277.50306384907117,12740.135547511172,1107.5654439319342,644.8228104745634,1.345873853721255,1526.1184774070662,31.793104761619276,161.5486871709097
2026-03-11,9353.744173047851,412.8768821635818,18.65514551003772,17689.047228681113,272.4580822507844,12949.96475424153,1089.3771375658478,642.445161001578,1.3427364604317187,1536.9515646204786,31.57242641162495,161.7729110219217
2026-03-12,9629.767403405353,424.07862234888535,18.707999087347112,17927.006741960744,270.5597132333789,12823.604182200632,1077.8780979398543,645.5320425722888,1.3465312926057402,1548.3859953899666,31.544920810847415,161.94349631585587
2026-03-13,9428.670917992999,422.6132084914119,18.52634579424598,18090.747879918617,273.13313512742997,12838.019152990908,1078.324135012928,642.7979312881173,1.3573586521347458,1552.78832767458,32.279087555986294,163.2750690964249
2026-03-16,9193.895121479383,424.017904924868,18.974028722410903,17744.18717180592,271.6215832037061,13100.374310560628,1037.4817245273566,646.2259014622083,1.3489766810362607,1559.8687499615687,32.52326800621046,163.7758823706755
2026-03-17,9232.273967512554,417.17160592676356,19.48401490009537,17499.212511477446,264.1154524360584,13180.390644079005,967.9340772917946,647.038961830114,1.351512911745373,1573.956714634182,32.23089025371502,162.78121368750638
2026-03-18,9251.829944683903,411.8690614262122,19.82960018740642,17747.36943492843,262.10640798634853,13200.615828465705,1024.6423771190746,646.8079026173177,1.357273514536136,1568.0418756705874,31.85164333643167,162.84459025280498
2026-03-19,9291.885698569757,412.96816160877853,19.957369455345017,17686.146701878384,257.48407274736655,13266.24992273745,1005.0864950298403,637.9721255310625,1.3567636160606185,1578.3422151164298,30.63732472385672,161.40464889282367
2026-03-20,9343.983603640294,420.78980614984243,19.87131591610585,18246.539756220416,258.7595318121299,13223.76278652568,1013.5162878993816,633.536116884147,1.3653264885086018,1593.4145856222447,30.825509329471693,161.67424158474728
2026-03-23,9317.69267281849,419.52912148659584,19.409056490841078,18439.533432773886,260.26996459131334,13384.697861800445,1028.076782386127,637.2358435377788,1.3805580078413275,1616.3328533157865,30.76398389279763,160.6264458027932
2026-03-24,9582.44302622518,418.40852113466866,20.184406769158812,18288.106368254877,253.13431800461794,13342.015734618397,1044.7638502565705,633.5897302182751,1.383068453289798,1602.4178906039301,30.438203001778817,161.85612342570752
2026-03-25,9321.432336245041,416.1509748074632,19.886018638612367,18302.854236901236,256.52431862047825,13114.06737067794,985.2104354359477,640.756787184543,1.3815921956105106,1607.9849298148758,29.69424117733717,161.2290280540437
2026-03-26,9194.480465302835,413.05964767603325,20.15777017669637,18343.24343235555,251.82044216054123,13073.192653287204,906.0216936326441,654.6937504074424,1.3884965083470597,1595.9830602848688,29.041907002258082,160.2008366836306
2026-03-27,9188.427105655475,415.4704743286579,20.595675822329913,18109.232397264124,258.68792214232724,12965.126298421555,879.7419483245988,658.8362607377098,1.3944943233978226,1583.5331302963966,29.50321613518462,160.08831015785367
2026-03-30,8931.348312259886,406.08212962751725,20.374325051786176,17815.746652991736,258.57691801544934,12937.5303164547,897.3214872233056,668.0149305412825,1.3771796866045956,1588.4055766874003,30.16978328889287,160.58906905251624
2026-03-31,8913.812063681093,414.94685927570384,20.807963683527664,18072.81937549184,253.25693212206147,12912.562281608089,865.2484638886775,672.6311220801108,1.3772985729430471,1589.7080414955444,29.933042370712993,159.07727334400144
2026-04-01,9195.446850648119,411.00431175261093,21.134780469356382,18383.7902246442,248.48705514208032,13057.693059984354,850.0291470051778,669.6724493907769,1.3747213107442804,1604.6575823632381,29.620034598170353,158.4469674736722
2026-04-02,9209.94990263322,416.2367300765382,21.884515317471358,18614.50579471338,250.06187122843664,13144.916436821566,945.4258965804742,671.148266681392,1.3775885676849071,1600.5398489037439,29.003304615165238,158.61204398664634
2026-04-03,9259.379401186246,408.31305976873335,21.686553070049335,19177.39423919225,248.5033370025923,13181.370283059045,862.0940021516321,683.693668909594,1.3763929385292004,1599.1441284598354,29.699501965534807,160.3514861244002
2026-04-06,9062.581935773724,413.1602885851247,21.142286065577494,18999.991095601585,248.1946103444806,13186.294329642604,830.15515424195,680.7519398664732,1.3759444720405887,1602.1726277881746,29.731442952686134,157.17164179026477
2026-04-07,8973.354329841783,418.0858270613983,20.93589853591924,19633.742753066974,255.1956284742245,13066.455009396605,912.7324744878674,674.6837317139519,1.3701556140370812,1591.482496715186,30.015163247575206,157.9786304581695
2026-04-08,8923.658615054066,421.12679853241605,21.02984017175199,19319.832400349704,252.28093107470667,12817.580211165448,910.6994093180491,668.0989462216047,1.375334489148939,1582.6195400819122,30.29444761845136,157.52611422106622
2026-04-09,8883.424720676214,414.9355123171525,21.06065576616594,18970.61357874576,252.63926494557626,12835.774081361513,879.1131609633999,667.0590156248437,1.386901576624968,1597.133085204582,30.07132044160071,156.93541736010758
2026-04-10,9101.659301333877,417.05407397082,20.901854483245486,18365.0960506729,258.9150452552998,12933.073835991361,932.0179494317248,661.3262393973432,1.3811739386560025,1590.4524888618132,29.216625269577374,156.11381907101824
2026-04-13,9204.524685537775,409.68435126420087,20.12482116613979,18228.417881460686,260.2125316116961,12925.639392153122,934.5952943987761,671.6339314625575,1.3716968397623137,1605.890405389374,28.506569711595937,155.69114203282908
2026-04-14,9033.039703799952,408.4799275570401,20.321178072389998,18072.85473226409,253.30302008077493,12868.715355880307,918.4598357583618,673.2122481392443,1.371971228653585,1614.034383835544,29.330611015758397,156.4976076969335
2026-04-15,9084.10351588843,415.72059408117957,21.145148347293347,18272.62215100601,255.5908932806694,12927.79596397973,927.3366143886757,679.3973755651222,1.3719118533488988,1594.4942876192965,28.81193201309481,155.85817074381282
2026-04-16,9176.94179251721,421.5172140540841,21.348799559601314,18375.859328916376,250.68747517283774,12923.272158872227,897.3187781709225,677.844699102858,1.380105498368373,1601.5944342326152,28.5264164043684,157.97158387172257
2026-04-17,9378.47053500031,422.08366119927155,21.616960648069444,17982.00105361903,256.857838043527,13126.084414044963,852.809871170789,671.1928010155727,1.3717865886562104,1608.6245434664281,27.737097745769926,158.79373600352582
2026-04-20,9660.703059969313,416.0088934256647,21.872434117573995,17866.179596113194,253.39106915304478,13277.833386959222,847.9797722049493,663.5949073722037,1.3682385651190063,1614.399275584868,26.9146062629959,159.07724139777528
2026-04-21,9497.178273634898,420.7909025837541,22.053428145928677,17758.27739304186,266.6176700562892,13398.34986108752,806.1799123975592,658.4574867558867,1.353759690412356,1612.890495440682,26.40992794741699,158.89783209909385
2026-04-22,9370.807721373678,421.384678295782,22.474950560870564,17186.22303519404,273.4615635803231,13495.430702994858,806.6110643066995,660.7844486537881,1.3632350600394514,1601.1263790059675,27.556823384186785,160.44966246920734
2026-04-23,9172.069056251341,406.4744576019415,22.66017218584388,16885.750299647887,269.89113202062657,13344.971603475782,821.0318705929722,664.1490745857674,1.3650803874798054,1618.786946941817,28.022313750390907,162.20620908868977
2026-04-24,9144.4810788567,412.0493687801683,22.525664662926076,16656.901411550385,270.0909887590485,13430.209345250114,856.8089378451704,668.031547256705,1.3620571323751474,1617.7955223553604,27.663985109403125,160.73826585528417
2026-04-27,9232.63959209342,412.34296565182336,22.176552403044465,17133.977924094943,273.6830952700148,13481.165078621547,906.5182841250996,659.4046250887285,1.3532171031246445,1606.723776943912,28.431659930466136,159.87019094864326
2026-04-28,9409.473572025818,420.81557094406674,22.07302024938776,17213.622371846945,277.46452258744193,13560.367100710895,888.3131923801898,659.6660103594342,1.345051653728806,1612.9373118506207,28.33211136805746,160.71606249181036
2026-04-29,9407.9012070063,413.96040768105536,22.218797158609853,17448.998859294457,279.6706874918143,13626.069594965287,910.7742895166767,653.8638213555608,1.3479753838367434,1603.7019801996046,29.31661264680889,161.95729163331094
2026-04-30,9365.124544376093,393.8787318032688,22.085405157444907,16976.129335967213,285.802067208575,13687.181024260584,933.4816239136911,656.4931760553825,1.3406661614557212,1591.890026293772,30.99257310861956,161.60093697709462
2026-05-01,9402.017355968153,396.0769126875368,22.231356870230325,17383.096626010796,285.31933492758196,14029.573596241375,948.9083450906903,659.5936692363119,1.3414976685808264,1587.4329666760611,31.809075499086298,160.6760755718064
2026-05-04,9272.858629923649,398.36689810823094,22.434204180872754,17836.005853884202,283.65957116445935,14025.566325915517,926.430697758168,652.9329442981403,1.3554064565286201,1579.3210556346953,31.89392063752793,160.80931534642923
2026-05-05,9639.829322667412,388.16196540787587,22.818014992246546,17188.67369141029,282.10466040622725,14149.91853410217,880.0122714982476,658.9098334166207,1.35318820181044,1568.1508223832495,32.46615502396593,162.7528567242449
2026-05-06,9376.115063216617,382.55280514513527,23.418030376916537,16976.832879449197,286.36593421155294,14095.702426420701,902.3802069474331,673.1957224704444,1.3468334126756007,1578.6158189975215,32.488134920957215,162.8388575539707
2026-05-07,9418.641231843974,400.23432188534224,23.461631928045655,17154.648539131445,288.2645286722734,14202.041654074284,828.5629532602703,678.5442061458018,1.3495433189500323,1577.4944175466537,31.039946887763524,161.23284810762877
2026-05-08,9779.767856652012,398.7203964551653,22.862793966459506,17383.34509432677,289.8114048209575,14328.343116462087,817.540830405767,677.8215980214933,1.3414314556264924,1593.6962696466524,30.5452548308636,161.40653548920267
2026-05-11,9792.70914918125,403.85494000902565,22.712349098529835,17177.85697866944,293.8734890746511,14381.166181038328,719.5451643351906,676.1637038775648,1.3531527186432835,1583.1553940718568,29.836114596832502,162.45291924768304
2026-05-12,9770.986582825803,400.1122756560984,22.739193943654957,17095.524082219068,283.91686729721766,14604.689399877941,673.0362389161007,675.1626578192986,1.3628189545626466,1561.7382317566742,29.344342941135864,162.35368782934162
2026-05-13,9719.97867157786,387.3777636875368,21.92603329880433,16919.49385136184,285.5315824535515,14494.716222782195,644.1569954196426,670.8241504555093,1.361836909487643,1563.9108119105854,30.69935267134926,164.02888626775692
2026-05-14,9700.101738079175,386.7491217222389,22.550290680278355,16971.990751288013,286.70915813357425,14437.069881973628,680.4665654010653,672.618709518823,1.3558763407861276,1587.6222334016604,31.582251844524315,165.20206159163456
2026-05-15,9954.728321245948,385.53290481767823,22.62138085529554,17379.83757876767,295.0775057017841,14470.478621170165,704.2856943700614,666.0284932670021,1.3531282605976434,1594.6995376997836,31.94186182305058,165.15348753429265
2026-05-18,9577.667937798275,383.49573279678054,22.801414449282493,17144.217993197497,287.62342064697634,14591.481194122147,685.0469359236995,655.0589111180252,1.3512644906849531,1636.579404062576,32.606967942984205,165.2435458597933
2026-05-19,9857.533041508588,383.2142531146701,23.43974534517077,17490.82684074893,295.45727178901717,14620.91070727258,710.4906908987463,656.6174541687673,1.3539938731549133,1641.260932035431,31.10980892478808,162.85925206136324
2026-05-20,9619.619490907158,385.26158022147075,23.153136190143954,17250.21821591978,295.95463583600196,14797.001747065338,742.7332727856457,657.0056938972601,1.3611865888231476,1644.6855733080502,31.690842587852615,164.47657474556098
2026-05-21,9585.053594790004,384.760345600243,23.427512569675073,16991.613122029135,298.54450204230693,14715.029210262604,736.7906177054036,653.8985092680614,1.3542858236640216,1616.8928662033472,32.45382694220128,164.0763746512931
2026-05-22,9522.70139418076,377.4720638180629,23.38310610007618,17275.221201795925,307.29543894659616,14570.576111201377,687.5158224905418,646.6517429469762,1.3612845769213062,1622.7624340875257,30.695764779403923,163.58493974764806
2026-05-25,9635.676645810658,380.83854521959154,23.30416413277684,17598.08282105445,310.36299629479373,14616.884240642432,680.4056934630889,648.599602781219,1.3656318616890066,1625.2785969078911,31.298044165005283,162.8995145813421
2026-05-26,9373.68494014371,369.5498234174815,22.95390822398191,17902.97238854993,312.6076310243565,14612.578412212239,677.0835030346389,643.1024263952772,1.36230521574316,1620.3138673440217,30.212440232374536,163.52847206498743
2026-05-27,9463.340100931247,358.01677830743733,23.738549294933176,17478.413470153297,314.0234860077971,14690.021685194624,636.619336163176,642.5557008510202,1.3550586220949585,1618.8655802051396,28.769150040634514,162.09094591406148
2026-05-28,9826.30496867539,362.67486347947136,23.56800986896668,17341.691835273832,311.57767061641994,14692.275004447169,648.4106586742878,653.1052226798562,1.3559819531198873,1618.3074841373962,29.747990672673502,160.85191996562477
2026-05-29,9599.64230699797,366.03137887314017,23.907197480255345,17632.61510702264,311.5514010162458,14653.242875237485,657.5460639686454,657.2069501853097,1.3489519236796053,1616.3029425801037,29.01710150092264,160.8165041414198
2026-06-01,9644.044254392122,366.09788335688705,23.03418497312118,17664.19329947965,307.9078712402634,14649.222018200557,672.3418764411266,649.4181236602725,1.3560096992723052,1643.8797130334303,28.510906395684977,160.04449695218574
2026-06-02,9541.253489980214,358.40855917244653,23.591327985171727,17324.8077630894,307.79777159259487,14658.888419613348,681.784149026331,642.2663566883191,1.3485459372865791,1639.3375552027521,29.23383607733139,160.50638939746187
2026-06-03,9626.222062244153,354.761945110467,24.10027881136369,17493.816750164813,295.9327284481919,14624.556060912384,707.1234505573855,643.4018404391707,1.3523792646237245,1641.887903239712,29.02030772762241,159.7826791845587
2026-06-04,9641.102792227479,353.6624897025086,24.154533657576817,17275.099890517078,298.21831900551274,14603.68434726127,700.8114381716584,635.7412170790094,1.3519694451569133,1636.9185337998535,28.898558559506906,161.8669865010414
2026-06-05,9541.86286485776,345.1257129164375,24.052362925093213,17892.150983356616,297.720848973939,14556.556481394538,707.9178928724723,624.6403598154641,1.3483198384248936,1647.539530099032,28.76155341346814,162.8000217295021
2026-06-08,9637.583822414377,341.4442029072664,24.2528283206375,18443.538860988618,296.14252314395674,14675.089954542816,693.9785846913406,627.8915170043898,1.3477615372291119,1650.2009868341754,29.021284633504603,163.72196876396967
2026-06-09,9967.688408274975,345.40635441474825,25.396441240814433,18675.116382937435,297.36987162004783,14706.619293631034,673.990584652306,629.959687795193,1.355194533958767,1646.8391863979314,28.866194017672065,162.9641084024427
2026-06-10,9945.422888267482,353.77405570391795,24.523806057629837,19183.510663128593,290.32649551270504,15014.380724075028,720.632013135669,632.7726625165832,1.347274583020317,1621.9839533915633,28.95735716108662,166.1640278566377
2026-06-11,10087.20790519311,351.79460353116474,24.91786134357048,19226.357538035318,300.1264020933962,15042.12799779908,650.6293907893033,634.526169968736,1.3446354584439966,1625.4692256501255,28.60367917309927,165.61458835326718
2026-06-12,9866.933969718544,356.47043540022605,24.47500819650186,19527.533391102766,299.7223899430058,14973.72622817315,679.7860983093801,634.4070194234769,1.3397248055507165,1621.7728750209455,28.865030400698274,164.70448197453894
2026-06-15,9710.16533099958,346.0995135537163,24.472600759116123,20103.664744934485,299.0998080935832,15344.132583905242,659.0181946486218,630.8896953538128,1.3396001021767379,1621.3092354842313,29.101127452897458,165.67147987023435
2026-06-16,9804.84471347616,350.15557824511257,24.358882149148688,20217.864586083793,294.3488381958584,15407.521453639505,634.7614345760742,634.080712229494,1.335155458983554,1606.3657500046713,30.524329783915537,165.96362131126915
2026-06-17,10082.393759118218,346.0607682284747,24.15835270122694,20140.20453218965,294.5864996526503,15551.652753106839,643.1179271663276,643.1289214650099,1.3235365090557762,1625.2157670762986,30.243847934063712,164.91357373704673
2026-06-18,10159.322438793344,348.14947736922727,24.160543900829484,19517.865498705967,301.7355571148527,15641.002729470401,596.9585188450205,640.4904064591653,1.3167039941136687,1636.7204794736413,30.1139539818387,167.8697394829362
2026-06-19,10114.365158646571,347.15379031922924,23.62575575172617,19506.557450741366,307.2192219129314,15735.242556057528,573.0921217355107,634.8872862233728,1.3276632138935727,1655.8925690463423,30.30338007476539,169.21889515347183
2026-06-22,10126.380522300231,354.95623695267153,24.12433473471609,19833.96216288016,311.8389948344351,15817.609297506526,549.269653131342,628.6856726958123,1.3294350212796606,1671.4909532356908,31.052215268137953,169.25816566978148
2026-06-23,9912.896759788642,350.4098730974253,23.28101451781849,20213.743901230868,314.8750188679808,15667.759576992281,543.2228166338335,624.0502127310314,1.330980470124737,1679.7660922492735,30.225336275968246,172.57536470145027
2026-06-24,10033.383551855546,354.3358655502339,23.540762456051375,20428.800622905634,313.0868323222412,15725.959721065008,521.814778818838,625.4392613106671,1.3292339572039313,1664.818806936555,30.312796049732285,173.7331113807183
2026-06-25,10206.245974938554,353.14301504689365,23.394542626266674,20240.003505997065,305.58494666583607,15545.777845014767,565.3068207629193,613.756072344742,1.3290237858830778,1689.8899190562959,28.479208204178978,173.75131821686082
2026-06-26,10135.68390722611,352.6373631403021,22.859899823604295,19513.399976062476,304.6641854345546,15527.611325691256,618.4519217451427,616.4332885171995,1.3263033250622247,1677.7310396817581,28.295024781484656,176.98705112948724
2026-06-29,10062.357676694524,351.9885218630157,22.959503429890965,19349.9980938812,303.5663867365116,15432.709615099777,558.9834012339354,620.2640806046479,1.3299352544598273,1674.4672382400433,29.072832939801422,177.9581571211148
2026-06-30,10122.769645969325,347.64011662683015,22.26226119699971,19257.67665319594,309.15099955706404,15488.634386563132,574.4056846009311,610.5514825970354,1.3307388369067328,1684.3003688340023,28.558385371545192,178.87199036882018
2026-07-01,10055.566397753226,347.94423183899517,22.28663559853824,19162.670045786046,310.9056427927599,15541.496276566146,599.6037894838814,605.436687176772,1.323100655392076,1694.8641540260269,28.693526552028345,178.3556572770547
2026-07-02,10055.66306174146,347.97820275189866,21.667851408903264,19408.608190700805,319.6730525590235,15615.186570376167,616.1055808607368,606.1134158740467,1.3249127204730287,1702.9814112403726,28.325116001648098,178.46186541640742
2026-07-03,10455.529285851531,349.708407570123,21.8752333984434,20175.00658668604,326.3779507370284,15661.878019189315,596.1621368082145,605.5734715279962,1.3088552187101166,1697.876204316136,27.731358462610505,177.91206214154036
2026-07-06,10421.640839472497,350.56697358444245,21.480981347313364,20242.6465742552,323.9844894432135,15582.80682544301,588.9303312716157,608.6556259311845,1.3116975949616008,1689.9901921376804,28.42164484459371,180.00907769784203
2026-07-07,10367.069324875298,355.46247252078985,21.29448405909732,20179.630236149074,314.37245525817497,15552.465023742381,567.3033451022116,608.126185099008,1.3026170913901463,1724.9515894424103,27.696873313499005,177.74180581479567
2026-07-08,10259.238522302694,361.150879221344,21.426469764525848,20100.576113702133,321.9941009005758,15688.103934070621,555.5068605833642,615.3340723860334,1.3021218322878871,1724.7540739437932,27.908844964408658,179.7305763638494
2026-07-09,10410.074866379351,355.52154274612565,21.104287530531302,20168.294408827463,329.6537212511811,15845.941710484394,522.8960608319062,613.8034745337841,1.2944967046848972,1722.867929991211,28.133258498349022,178.5092090777433
2026-07-10,10388.631042981333,360.8946927194052,21.086160827554018,19873.242046783897,322.21440465922535,15689.510627171514,519.9035256533651,608.6403323576103,1.294644435896914,1713.4036854206818,27.548758332788577,178.46220136470802
2026-07-13,10280.23710622036,354.49875111741096,20.463449228755653,19938.608520391677,330.7207148008698,15481.008698736287,482.26954571000243,603.0840233263986,1.2985230239749603,1717.1041089230337,27.664488757373984,178.076830757267
2026-07-14,10540.308342051198,358.24263822689755,20.72950074354533,20130.24505418586,333.0092439413441,15386.215682000522,477.4676712769707,607.3320923207258,1.3084478908242305,1720.1704705218574,27.03347466469911,177.3728245552216
2026-07-15,10826.097465355979,362.2107909466896,21.480727085876694,20230.82534392632,334.05374815403144,15537.848578529944,448.57117701030234,607.7370689504951,1.2985325644549894,1720.2912140929343,27.396648745435595,178.38999628286885
2026-07-16,10722.58245246501,351.6882984476993,22.72124286362941,20427.88226003191,343.48835771365475,15714.955640818307,453.23383625845554,611.4577003555338,1.305011946451959,1725.8978368138419,26.51861805677576,178.41827089266383
2026-07-17,10380.762233306341,352.5995294572057,22.769539566092952,20617.535461406278,351.57141611816695,15590.947238567636,438.09562527105095,615.087098679065,1.3059985996745365,1750.7700158324499,26.30231391591021,177.50327157219274
2026-07-20,10583.429829106713,350.35152151658883,23.138265024266037,19954.923656843173,355.62808940509063,15640.383022967546,444.5071883005243,604.2483161924897,1.3031893718728087,1742.803944475802,26.144468157951675,177.75763198386227
2026-07-21,10466.35908966126,346.5048284756588,22.33545280983151,20218.063666687605,358.64397460304616,15907.108849728782,469.2075758191818,598.3192590886599,1.3082807954161273,1743.7534559532228,26.89018926835537,176.80586284934904
2026-07-22,10629.12078555669,354.46527659879956,23.02383341122904,19981.905992077955,362.56685510134076,15973.065701276346,508.01837069060036,593.0856740524191,1.3068691059207191,1735.08631401607,26.992595446311896,176.0820547522148
2026-07-23,10271.115234679271,351.16335868958004,23.39107372334902,19589.745089055272,360.25348503938045,16185.203159589662,447.6973205250639,588.9812128786155,1.3116972820000594,1739.529627678234,27.653102364348833,174.02030744560636
2026-07-24,10450.004004659164,347.0432783719074,23.172722111943127,19202.138150586674,360.0601799957817,16337.874130056744,429.408068549898,586.9919398027083,1.3053361386946791,1731.9829946306081,28.0476598064658,173.4292143901792
2026-07-27,10236.924850121342,347.84626424083655,23.760378675299688,19380.335644729752,354.72108070515145,16211.06753926215,422.94974747822573,592.531143747333,1.3013414277908937,1725.0627865448814,28.4433040444171,174.15107438922286
2026-07-28,10384.922774517125,352.0700102874141,23.646849921234892,19317.858941788218,352.8595549092852,16189.847651376756,432.7974183937361,599.1966108642595,1.3076264195215637,1705.378807978073,28.216712504238217,174.23764887084096
2026-07-29,10400.06375345996,351.6596031838977,23.438252425114086,18728.990077030754,350.80739490098495,16201.391731581496,398.5177492593567,597.8582935813281,1.3175060624085593,1707.0549240793393,28.954831795270096,176.82148685788604
2026-07-30,10235.284614810005,358.6781972624246,23.66923503747866,18918.78442515477,347.1778376507169,16223.070731933776,379.4213834240038,596.7463990084976,1.317407043038412,1713.276769019991,28.706765630858346,180.59251855211585
2026-07-31,10172.768274674727,362.13649929536047,23.178126605224655,18426.737943755314,348.12507970712096,16363.959235873823,381.9024758557214,593.2069506137248,1.2993043407636757,1739.3153988857264,27.500032713475253,179.95907563189152
2026-08-03,10311.585875048799,350.11785609909987,23.663683011445507,18494.24060090453,346.3515034089361,16430.83038972788,383.5268722013292,593.9208234487226,1.2981416637320318,1746.2097933174125,27.360969170929526,178.79911720201505
2026-08-04,10343.664487445327,347.546461455472,23.176103221063293,18596.82457429186,349.4610656854559,16008.721433798975,390.8370063828305,595.2423922765196,1.2984819909742382,1740.2871594074172,27.681226096359453,180.45861248138823
2026-08-05,10465.599486056222,344.8152907427748,22.701264288199145,18931.303255404997,340.0908218409498,15827.012005351575,399.6041355507787,599.8184250866888,1.2971013135439837,1721.8042111987238,26.599403272978396,180.9793839021388
2026-08-06,10857.646405811662,347.85254188603125,22.29866525599807,19602.729560427124,339.5718887576183,15524.690199118386,406.4269132430881,604.3859192733298,1.2994144096274294,1705.4046347366968,26.025093917115345,182.66796718885317
2026-08-07,10568.873517307997,333.91336959404373,22.646760636252463,19120.09678591389,340.46830970780326,15555.432893406352,410.38136398587795,592.229287955797,1.2964492212579792,1688.1569611083783,25.244202167255,183.2883807806677
2026-08-10,10894.118396802363,348.1960705386232,22.375829054813128,19120.1540838592,338.81063561691724,15595.374262713403,411.52668745660134,591.6533855939301,1.3020286049011567,1714.0546678689625,25.753342894636116,183.04021832774635
2026-08-11,10927.706598326826,351.55358972123065,21.78717296489131,19039.058807537946,337.9542997191254,15641.433286706908,425.43493690791894,599.3093245332024,1.2945846979472784,1718.3494337583872,26.861284332602505,182.80068761665441
2026-08-12,10765.249860337573,352.7798431533636,21.531302370599942,19215.818879673498,329.09994743559895,15513.22706232769,380.37054394879095,597.1897081667607,1.3027457997859213,1710.6962797759052,26.72885054794381,183.47137023766567
2026-08-13,10523.151089902349,359.90829829525205,21.523964732453805,19314.02558914446,331.23285153419323,15613.880822374258,410.9052150599829,603.585683689106,1.3130131162625598,1697.9499166391956,27.094527926931388,183.19840092988198
2026-08-14,10499.98185099299,374.07179225315264,21.027844823887296,19204.279941907385,335.0336279443713,15721.14587876483,368.02043446443804,602.1640654831939,1.3071631910659058,1686.697928646147,27.447354007192228,185.03143574682025
2026-08-17,10688.444778676158,379.7372944332439,20.555198580760305,19063.128536861735,337.99159986781274,15550.772810128148,348.6889884149232,603.3540991079245,1.3013358151177075,1678.8320344899903,28.54308481959479,183.15028323400296
2026-08-18,10676.737897140227,385.97040392123523,21.448180314056454,18681.68178380533,344.1506173637509,15353.078259062331,344.7578664959988,597.4509791514693,1.3041412309182465,1696.9429640279825,28.08964129509255,184.97490824496907
2026-08-19,10984.312683910837,387.2040182798699,21.088513320548856,19054.681703003003,345.46986086660417,15359.202515406361,356.54946391525016,591.806072014306,1.296552296047814,1696.8758553733621,27.944038830101263,182.25977030151375
2026-08-20,10713.953666311432,386.753415648158,20.958989606207062,19240.890145331134,348.43196407017825,15615.138295316468,306.9576021794583,595.9211885296825,1.2934921413782385,1677.6753196963166,27.715302038736453,182.5079615639376
2026-08-21,10724.484214776154,384.24278061007294,20.811857834465485,19598.9365140144,349.4975419653178,15862.193839312384,306.5262567809762,600.9097692069465,1.300772452112352,1709.3151121710584,27.775903433001297,182.06166624928267
2026-08-24,10498.016030098392,379.6147042336432,20.643402489171507,19503.18486575331,353.74803383515075,15949.20797388349,318.9145409462001,601.2931878767037,1.3057091664735083,1694.1336377184934,29.579358848844535,179.90242302612774
2026-08-25,10579.642796166083,375.87798265822596,20.907808698058663,19280.57099712065,344.52683642766243,15851.104796508525,335.1737573368117,594.9247522878499,1.3188330564688144,1686.4821636251784,29.611033929868697,176.99729576110212
2026-08-26,10762.798845958938,368.247652687964,21.314456898596767,18908.469029726482,339.46848350862416,15984.520498232998,323.6888105700223,595.3974536182044,1.320091718907998,1704.5922875339734,28.99372112041852,175.4851347273859
2026-08-27,10694.418014086976,368.2056957583871,21.19078635868175,19056.90213218854,348.8905995694208,15925.935863909337,318.85639490099544,602.4136204027834,1.316197671847368,1710.60507277506,28.177304889766475,175.5843951779298
2026-08-28,10216.929251504542,358.807867298738,20.679376840645148,18702.800674499867,334.7322624797256,15822.633316177875,309.18302710026376,612.1822820739557,1.3166666080849296,1704.527195620015,29.082394409103408,174.77550791342307
2026-08-31,10265.894029797948,360.3016945932832,21.21960928241642,19390.783573332385,334.06913781315194,15526.460568509043,303.1718145687546,610.6840444928363,1.31580718216345,1688.1560393067175,28.472867758873594,173.36076106163713
2026-09-01,10359.339040047045,360.48863526287477,21.185540529663918,18933.875469580184,340.9298185197967,15546.991413376536,287.927399142237,601.8696554310783,1.315040572162653,1675.4860652300124,28.957849273623165,175.2814549456278
2026-09-02,10447.531612325249,361.7348178740599,21.938110607203146,19051.62143922883,340.52590908771924,15465.29274574369,275.40582962619544,606.681641593651,1.315015562248127,1663.712152942703,28.478488594284997,173.5968259781736
2026-09-03,10695.358054065056,359.1202501195038,20.98092343122738,19646.956725640608,338.3246798830393,15484.913214790136,281.4527548778894,605.4188346429237,1.3090342694100572,1664.1385411031902,27.599059545388,174.57744554115908
2026-09-04,10503.73443472454,377.6572570358459,21.069398532641078,19891.751687354103,339.20552573797755,15173.826300543577,283.3110381071964,610.8233938468062,1.3110138316709408,1667.0174828831675,28.028215177369407,173.37493107887062
2026-09-07,10645.898964922939,386.39065268737966,21.90015704797595,19978.22555611473,337.31025716512596,15203.116347915724,290.36091801801956,612.6155164822259,1.3019425766531725,1665.3692228553653,27.59799336845497,171.85894164782823
2026-09-08,10889.94492460777,379.1895573155126,21.752496340585743,19633.58792021113,337.62222489941524,14880.034370554311,293.48467215234655,608.007079627725,1.297414328596372,1665.1798636356443,27.901451345310317,171.06495268211867
2026-09-09,10559.49339312936,381.02390680414,21.661113681621327,19143.977099770862,333.8561177498961,15032.459075565508,304.00445126211974,608.569259055126,1.296773053510195,1651.5716640957128,28.26037877935255,171.94981362818706
2026-09-10,10633.177181169463,377.7505368721821,21.796052830793307,19445.56661334646,340.34424140412756,15109.275437771847,317.65091985342036,616.0239055997666,1.2823330901262562,1655.780414272367,28.65756369591988,170.10755729429243
2026-09-11,10549.767258786967,372.07756729139965,21.56028520134047,20030.09523010879,348.8189723565149,15077.458889023312,291.158331155154,615.4436468134251,1.287401831311815,1673.1642534721516,28.47463510188076,170.5332971803128
2026-09-14,10546.946542559865,364.5855371075463,21.432565883692423,19883.649368412673,348.1681136416749,15160.074863625556,278.9832460455537,609.982420683608,1.2743806942109572,1671.3208847316957,28.976011078656008,169.2614378382392
2026-09-15,10625.901597950731,367.51960371613114,21.294636504177117,19477.414929353632,340.1936887328184,15033.223473613663,275.7743426283066,601.5636452359613,1.2787822642228497,1669.2191948217621,28.32386187776431,168.24114785480253
2026-09-16,10545.766010328985,363.9347440271097,21.03540181356534,18607.232819507928,337.3124979348657,15049.037410474319,275.46182585528123,597.6365889905481,1.2706698756831287,1670.6620374792844,26.6463550191256,168.81500777102048
2026-09-17,10430.786857369663,370.0210120309748,21.565265680423337,18281.979252407302,336.39362828641424,15163.13261981422,266.3855051697739,595.6728650002813,1.2682267045685112,1686.0113919997884,27.12958075383709,171.8103667067579
2026-09-18,10449.733246391806,376.3653355402286,21.771581330216513,18260.793947309245,339.4328538612237,14752.58604963029,278.814228036024,600.3252696266807,1.2716500159442952,1674.3212049792276,27.250297430792603,170.59685731556883
2026-09-21,10259.519687104166,385.1538785168568,21.887552041587025,18842.96615413112,333.79930299979446,14699.204454514278,307.8285983252368,594.5376121297913,1.2858320004020694,1694.2067057460254,26.84588310673992,171.61648659970277
2026-09-22,10073.026141926024,380.35489482947213,22.2510566068322,19104.60176402626,329.594846973688,14702.088762954445,310.7072737295456,603.1511013038491,1.286709571331022,1700.2654551893934,25.884223731816473,171.22193134895375
2026-09-23,10209.206296478606,383.6806632180548,22.14036423893351,19234.890794992054,332.60169337604634,14682.00998611493,312.02030896124097,596.1744812714597,1.2741446722587357,1700.9957834563456,24.606710820584286,170.60699073086988
2026-09-24,10012.272581364723,388.0095170782946,21.80672268717103,19108.31508748587,338.0883014371931,14881.76815973731,325.5581491354243,609.0599804133038,1.2803629390451179,1717.9294288961687,24.645954935072762,172.10996770091094
2026-09-25,10145.246023325793,385.5007031795151,21.55193958208764,18916.667969850485,334.66833929071583,14737.890170116836,296.5598649668009,618.8397908478478,1.279006995187215,1702.1007928715933,25.690786769510698,170.98664210897027
2026-09-28,10242.35800422568,381.1887524691153,21.559174938090283,19448.12648870591,327.2993905769349,14661.592316560593,296.982302811026,619.8744243294736,1.2795820806373863,1709.566129600938,25.609631232658927,169.44909060871856
2026-09-29,9940.997282174045,391.5632249069203,21.113597051515352,19541.976113614677,346.2307045289112,14416.717716504338,311.88182243383505,610.9943269745919,1.2832845427421231,1715.8045388127646,25.386946283958892,170.10806944200823
2026-09-30,9832.283262314808,393.4236143328413,20.90967608969654,18795.460164531432,351.01238262830844,14619.862737448862,302.0119668575139,610.9339536013329,1.2692116383063081,1703.352637991647,25.37909795353059,172.32671968752115
2026-10-01,10057.967951213497,397.8847595271624,20.701159015571683,18575.02816252368,349.5625225310829,14593.328238569286,284.04668627713863,609.0542164568843,1.2693800538590532,1709.9832137156038,26.80815273610034,173.39845698005132
2026-10-02,9893.759172890213,393.1177550821526,21.60621088630764,18292.881628975138,354.90706579873637,14541.676590832294,281.4200329502358,602.3500195208479,1.2669091136614636,1714.2059926448885,27.325044250960804,171.4918985381048
2026-10-05,9823.179962665949,385.9472286499934,20.446352722250833,18122.114462117213,354.29865158790875,14540.624623785878,280.56742229998963,604.171314360592,1.2748000461983984,1712.0989781756962,26.702689006795396,170.68390929501462
2026-10-06,9917.11439265592,382.86768150311383,20.379145960765708,18335.302291614622,359.70414464155346,14629.975679128758,268.10573778959167,599.9492105783933,1.279571055166584,1724.3025171715697,26.729474483925582,172.06118636346736
2026-10-07,10070.023297779755,382.52924512486015,21.10111741254637,18316.21688054793,360.8244519934953,14681.655998552129,297.73073687016716,596.3399259141746,1.269330884464897,1716.77683010683,26.960633743562582,174.2862443412237
2026-10-08,10036.568975612,376.4847674335011,21.158947936416588,18307.785252877762,361.52933263579934,15041.751700489522,290.68921054332765,595.4859186562361,1.2774974260567253,1720.837630558982,26.265842240287306,174.64035073509888
2026-10-09,9941.124438513132,376.8397652131744,21.486637617836156,18789.20275110182,360.9762937888133,15109.371858596682,274.3958368399809,592.6497376213063,1.2805000346358042,1719.369710929881,26.777118525470918,173.86781738170453
2026-10-12,10211.17587368138,367.19901935100233,21.5360389502846,18560.75902738994,352.34358924727894,15052.257731416395,273.11437347760847,604.0802010759596,1.270759109243856,1711.2775587546182,26.24308475801796,176.2077137663998
2026-10-13,10548.492812229531,361.0741104506893,21.256890347284052,19249.198305249392,364.29151723041787,14982.39409406033,285.79754907733667,601.4151976342638,1.2712405201406087,1718.5196977704927,25.277858952530007,176.13781745488998
2026-10-14,10748.889352938037,365.372656459942,20.330917881973093,19024.251673994568,358.6504875510836,14935.500367362964,286.0465049302241,604.0478820825314,1.2779629204545155,1716.0092533588763,25.333616044429945,175.32129705523462
2026-10-15,10778.3356352209,369.3255327368192,20.42075712153924,19075.5867124379,350.59367828091627,14740.877572433868,293.07662636461095,605.0815075585126,1.2703559317723276,1696.24560606495,25.289222446507907,174.2726128081021
2026-10-16,10635.414008985343,367.42103669183916,20.112464704385893,18992.923578833306,349.4670651960871,14752.066868640552,280.57991000319345,607.248394638822,1.2792641235338063,1672.3148643700797,25.29616408797046,172.64900602607275
2026-10-19,10490.198840682644,361.8841744251089,19.799032033021128,19056.560588059063,343.9389952798082,14862.398201073906,302.246524556978,609.841885734004,1.2697523294246413,1683.2412879337858,24.824638595051848,176.64274624429063
2026-10-20,10602.04207749433,356.3757827495793,19.608307023270044,19237.445728219765,343.7742475789369,14786.493166744784,310.85561447996935,614.9444713442773,1.2648654202528389,1667.2181713353443,24.447032447733505,178.6979540489498
2026-10-21,10695.015580759731,354.6436390789009,20.310754666697093,19416.079201000754,347.9563950454597,14685.310665189838,327.5738810735695,616.6675044146266,1.259042328453831,1671.2829211818707,25.154077302337516,177.79774256046767
2026-10-22,10981.439989123894,358.7141198019876,21.317904002604585,19159.378186718357,354.0355456873517,14892.998840030868,333.60966848091766,618.1641580314896,1.267867105138163,1672.3522409966865,25.440620862791775,180.31426296003917
2026-10-23,11124.108340798963,364.48218629810674,21.417137983845,18773.69972183565,359.11682088019484,14708.901836433912,347.65682362399866,618.7370248253121,1.2648846891042316,1667.762501674161,24.846788064314016,181.1214229341319
2026-10-26,10840.175980756418,361.99600319846905,21.225347354577433,19707.853348779532,357.39871130725487,14443.471486431064,332.807161026857,618.2139426163468,1.2576776409113242,1694.4128105666089,23.671246148407796,181.84606187493875
2026-10-27,11060.655781126743,355.7674517766315,20.73766410787232,19546.993725964338,357.84325597267855,14300.098062018304,324.7295575786336,613.4068396920059,1.2606064725051747,1697.1895014431127,23.14319208382792,180.8408167897777
2026-10-28,10876.768626726413,357.68860529092024,20.939186849714012,19828.227174176787,360.4773055038438,14108.853389077716,347.3443792377026,613.3161754175611,1.2649072982779872,1707.8217299922871,23.241352692206124,180.13456620907036
2026-10-29,10814.82321722737,353.39493611506225,21.705821236067408,19250.96813957089,350.00471145881795,14163.645912914655,375.5170335647954,614.89528994486,1.2692631280845599,1712.0598669157328,22.883928287816723,180.10945859172486
2026-10-30,10876.682927017795,350.8624227015365,21.605192440338705,19168.124378155862,353.55765004052955,14123.38867395186,354.5858726293526,617.3718237414081,1.2676690522532488,1709.233339857831,22.488264324197303,177.33496068067788
2026-11-02,11288.035186750925,358.7761319027989,20.607472561894546,19140.98643278817,345.04418031510306,14101.131056496184,359.04127568740716,618.62176073478,1.2694103402740904,1709.3141714104938,22.166110679976065,176.68099462756817
2026-11-03,11952.277735978354,363.9558076891863,20.89175846072161,19333.03728253311,357.3652471033783,14253.912330369854,351.3876977581514,617.5730999017185,1.2654165142000484,1729.7217593679727,22.1324949316873,176.7226816037292
2026-11-04,12098.033041080747,365.2784873908915,21.313970365222463,18376.795968588223,355.05815872778334,14171.166962845151,339.3522292981327,617.5028740199388,1.276185226998483,1745.1934431439565,22.577697558178123,178.6195070632164
2026-11-05,12072.68353837789,358.3138713106362,20.654760604796603,18453.341251973645,354.0856119094968,14276.077145711137,344.2198586537731,614.6794450834442,1.2836355974836757,1773.0146619580257,22.5842351972907,177.77620859294834
2026-11-06,12204.03266382403,359.9235626295336,20.73401346408718,18072.661175140776,349.6223964354961,14477.375415318242,364.42789896589045,616.6612960959269,1.2907341261610714,1776.5165160171207,22.626019079685054,178.97079016281887
2026-11-09,12415.481985001355,366.4984160646808,20.928252378992386,18202.572543155122,346.03648387300245,14423.894219061827,372.75145143608376,615.6814888663837,1.295998870268708,1764.4498407751692,22.505934312796224,176.08003896618655
2026-11-10,12358.847752073265,364.7032688435203,20.90394482056445,17865.521422711234,359.81996347303374,14525.698017977305,366.8438295764516,616.9295369596978,1.2995010625418417,1758.594308008888,22.23338750743365,177.76721258568762
2026-11-11,12780.05852229291,373.0833623830556,20.582114493045548,17595.065732983032,365.76464847120826,14499.918035489345,376.4101163700809,622.7605170742457,1.2915700616152759,1742.3113185680268,22.742857104074545,176.52669725734998
2026-11-12,12848.502939781236,381.2997498999337,21.01089714170593,17521.34027083182,356.3999830483136,14626.86461224128,369.69578891022473,619.0449034208447,1.2957958812806456,1753.386268514385,23.175858948483366,176.74611210114642
2026-11-13,12979.701023956055,392.0171293916538,20.848325217646664,17191.676153844895,365.7775154727408,14427.216784521259,377.39266244182295,622.6272781664186,1.2966660750004404,1745.5358716190958,24.399024995195354,177.3570713815885
2026-11-16,13151.99310362302,394.36994926874786,20.244231655846814,17054.0918757515,373.4224625206568,14220.81685688936,404.6851977595014,623.0625792492909,1.3050133010380474,1703.7284488333064,24.781744661289167,177.69107154343646
2026-11-17,13268.089583985919,398.53195909041443,19.43703771991639,16688.43605959652,371.79022137062026,14176.497071074167,364.7643367840721,634.7541155974693,1.310423449666173,1737.9899777440191,24.48221466030897,177.57485729990654
2026-11-18,13486.144188244647,408.1009989020348,19.939394483731274,16133.305332497635,373.88326468329484,14069.159527046491,379.5984970162204,633.7730983971078,1.3141659835167065,1730.420514907379,23.941913812428457,175.85505788379058
2026-11-19,13353.149099014516,411.48517514589986,20.19289231083977,16464.836299721555,373.93783717108846,14009.487129926853,351.4830053895182,638.0058691929672,1.3032760166458266,1722.801463642434,24.526502571148132,174.64298312255755
2026-11-20,13235.50263971472,408.64763122809916,20.234521838487904,16080.414620839658,386.84474282454545,13987.42921462103,373.74649502013847,638.3493242838623,1.3028264604768405,1746.3442751110508,24.039050167528114,176.07591710027887
2026-11-23,12991.56157172583,406.1719377633123,20.063147106374718,16041.94912267234,381.79602422222035,14083.996246643412,362.02977734241017,630.6751568920332,1.2993272667137001,1729.8913545582307,24.5380019428784,175.27150512706302
2026-11-24,13110.468837804572,408.17395394282113,19.85795508121418,16289.358502109399,382.8980165345744,14038.031603497699,340.6456874646361,627.9777408262286,1.3010979344730218,1746.0418964345579,24.08345681794543,175.16175561031628
2026-11-25,13311.547825221856,400.27205703022094,19.44111111733645,16116.250391457259,380.2733011373005,13939.9028728277,352.6959515657542,633.2269959416345,1.298527242198374,1738.2031604465924,24.30189000473791,173.11795357153173
2026-11-26,13437.802639403537,399.7951599622492,19.279856394745174,15881.421261957237,371.26961392815,13901.431457681609,359.1768415054308,631.0182037026542,1.296866542233958,1720.236101454338,23.673596252637605,174.34598798973175
2026-11-27,13865.624110541083,407.31916598618454,18.484990832520467,15965.792673231283,385.5174165831954,13811.057091854076,341.67347064118997,618.781612981866,1.2999764803810736,1744.2196990582754,24.146935527635744,172.54980117911316
2026-11-30,13880.874578857052,393.71882331347183,18.220326715692647,16324.861941550012,378.0020955329682,13700.926528495878,320.9243831662093,618.854245404327,1.2973003893542918,1757.4995125700625,23.420593217940027,173.85360591369218
2026-12-01,14065.842110212832,403.94903610438666,18.1128036659206,15982.146064399536,379.5711016941535,13508.867329502318,317.9300705112009,613.0452499557952,1.2982191483342571,1770.836573347807,23.588035676712526,172.4163007503719
2026-12-02,13808.69818861126,411.7213185717303,18.340590688936977,15952.561619019245,368.6508629315474,13522.72511532414,299.3540860551004,614.018531952741,1.2885227149794247,1776.4079497177415,23.478699885368734,173.85610423533728
2026-12-03,13729.281702308368,409.1535344247651,18.331449646423838,15451.437206695895,366.3048191730935,13459.070437555953,283.8805236833962,622.8996521089532,1.2832993420687437,1785.2994007429756,23.54559568451582,173.90505915169356
2026-12-04,13918.941107085418,413.18057650043653,18.63080897670594,15351.776542967056,369.0895494440318,13582.059525831994,285.52640106735083,627.4792166336799,1.2876445130687277,1768.1412763785129,23.32075385147126,173.16405744536044
2026-12-07,14150.28011650729,413.6561579017997,19.146105161273166,15377.126176601794,364.09645484305145,13411.642922988493,272.0649749327954,636.4720162664352,1.2798765523879667,1770.074711062716,23.08451828361332,175.4304500087257
2026-12-08,14092.503862491989,422.34179972831186,19.561487523683287,15144.587749142327,367.89385160302504,13351.709813436399,277.92961014144345,633.5170059398789,1.2880020962725942,1757.3230403092457,23.18097081858497,175.3689127952113
2026-12-09,14091.252693470777,429.5069266129879,19.752358618351863,15028.680051817728,366.3615734215322,13576.775070697648,299.4283211388377,632.9543779625778,1.2944219851514331,1738.2522026801369,22.614205241138052,174.89701759566293
2026-12-10,13727.930788206126,420.4546967046816,19.762973494989367,14646.539125784688,373.8079466824001,13467.833409833911,297.2124757981161,627.2833930444359,1.2928164103085082,1744.3251613295693,22.058052054522264,176.20890885199006
2026-12-11,13656.36858006693,424.8911147425076,19.38489978413495,14682.679944075842,382.71557508679086,13444.570343661642,299.15290865323806,623.6828774928001,1.312477762980399,1760.9139257543368,21.867772338916517,174.1690912894794
2026-12-14,13893.663493331827,423.9616020105988,19.679810890859322,14995.149089292494,379.0686899265934,13303.574210766532,330.9143827362795,618.7492282136583,1.320792969551479,1755.8727024512805,21.658050150979786,170.7173545378608
2026-12-15,14055.117476980819,424.9910929599764,20.35829061227828,14700.492861653402,379.7153477630026,13148.358069077594,311.8366907284112,611.7597009055826,1.314670275605715,1753.2476999169262,21.12679848903936,172.34066549195455
2026-12-16,14199.383464687338,420.5306896871584,20.504212458408464,14542.134418637197,381.0538139180127,13338.074476912032,330.97451663005154,619.5740770440084,1.319716265973589,1737.7039821708497,21.627111129058203,171.2257248991878
2026-12-17,14229.175537007011,432.93502268293344,21.312111662846064,14696.342250775757,385.2411674183287,13363.96684325976,349.1788528475256,608.2613410102254,1.320282962036882,1738.151910796707,21.453457840286593,172.4486815732708
2026-12-18,14248.072136696217,440.68425447770846,20.677871103134958,15053.768522431208,385.48953304115804,13385.407927665368,364.4174788100429,616.0547730956899,1.315297029869063,1749.1029166502647,21.338635054215967,172.54688438152345
2026-12-21,14096.630939874902,435.9782270523896,20.212087811085745,14647.32541957901,386.89279041507615,13187.881066680706,388.7309747597561,623.2516733439545,1.3084104096097693,1760.5658434474972,20.64826040217734,170.98179303344097
2026-12-22,14292.211520326646,427.23684621858587,20.566938556393747,14615.03573379843,385.4493194202486,13235.822497218347,394.22281551757425,626.3119322660037,1.3150667690834386,1768.6148484917248,21.752353752787904,171.84885434978716
2026-12-23,14418.213776970533,425.0759132317282,20.682142903145632,14708.570177757198,386.35969773342174,13379.768824728802,382.8984445890161,620.3091457429647,1.3112720701722966,1760.2383383622614,23.12001413287125,171.32014089939616
2026-12-24,14563.939733014588,428.5124595223546,21.23915282632956,14694.764263230007,395.1374891980241,13524.313565407594,404.4380047515135,611.7834621772735,1.310735369149763,1751.457304910483,22.6801182031992,169.88389828878735
2026-12-25,14444.012445565317,430.6359666147394,21.238952482284976,14033.287816008387,399.66120206077056,13611.350898026516,428.00743693010924,609.0149201287122,1.304843617903122,1762.9903377788412,23.393093989633094,168.4947987751657
2026-12-28,13911.555038025072,439.8409715911856,20.87969944568619,14181.707340363027,404.61602834174386,13479.077916080187,452.32740569929274,612.6959752944932,1.300101594309967,1774.8349173669847,23.34646347715639,166.20835825161933
2026-12-29,14206.05868135225,445.92552284294,20.796932579713896,14611.666856257045,409.78422256652726,13522.524952878406,453.3350018589328,612.9580034036238,1.299406685974045,1772.749009416821,24.308832347158035,166.77846427649573
2026-12-30,14101.05288234695,453.39560896606514,20.175153534927947,14658.742023103221,408.8776575552444,13609.459122516328,437.3884251070724,607.4712981095024,1.302061368039418,1767.0687125805766,24.5213847196739,165.56819504216392
2026-12-31,13900.426225205436,456.2745628158303,19.730783114790523,14388.738724407358,411.2642883790251,13396.789415970701,441.59349205116075,614.0269202554098,1.285447466294139,1784.0036068015215,24.589994603342685,165.55531814184542
2027-01-01,14091.927613609827,446.73517084151314,20.124317119547875,14263.394782270638,403.9083891522174,13267.581335104034,462.89546845914583,623.655555269514,1.2856847805089229,1779.2296088260716,23.10751520740406,165.34787827148335
2027-01-04,14009.643252464177,445.82869378061713,20.484830550246574,14765.96393519507,412.88034229418696,13379.410320246961,487.22150140312044,622.633976657453,1.2810254300841233,1790.2368407768506,22.612271574540546,164.139906760728
2027-01-05,14296.642952782986,453.9541580173268,20.640284506881763,15038.507624263639,393.9592570824201,13490.71126239193,476.8657676130437,623.4963187047526,1.2901683164481297,1788.6357509913619,22.630663205184632,162.1847238734361
2027-01-06,14473.66597009706,454.079300074811,19.947886030687517,15237.730048828329,393.53341153726086,13309.314742692904,484.44489375160225,615.3327772646845,1.309422828192204,1774.0639234251546,22.750165543171118,165.53880573532248
2027-01-07,14670.447645951219,458.25293818690614,19.81135192265608,15356.616620062096,401.4011111210025,13410.249998600792,453.75834257535064,613.2874456508812,1.3072034126598717,1797.454349909254,22.076232540265323,165.50764429867277
2027-01-08,14331.327899776456,456.4235998778994,19.337671894985515,15180.091903422368,392.3582986933365,13427.127091468734,476.6642079383893,616.3578388303915,1.2961248303168205,1799.54152661412,21.68416543935872,167.9732006080469
2027-01-11,14664.988159117698,449.45886450645173,19.804036293644096,15137.482817151711,395.1919942485569,13527.24974990165,458.3563042613491,618.5768342818205,1.2970121821243017,1789.6963582178778,21.992873440540738,169.57985566752532
2027-01-12,14751.804356621074,449.0664313510116,19.580052677436715,15130.21052001888,390.8010779997723,13455.601114387382,476.71060399141953,616.0033490473247,1.2958102189121048,1770.2477841635616,21.25172775357776,169.1785419234431
2027-01-13,14671.669891726313,451.7891505435899,19.165204576354867,15304.323249144994,388.51392925385693,13539.375049678703,450.0885664238258,614.7306526534946,1.3087767265512011,1752.4232098107052,21.329294174800037,169.45753008336695
2027-01-14,14727.24836894895,447.5662566849957,19.18238282377766,15765.197375598376,394.97008167245133,13648.048843299608,473.90893026631016,612.506351449563,1.319860238600564,1747.5524871189812,22.006333086405856,169.69753757931738
2027-01-15,14280.95989628669,446.3722327309235,18.944036916528027,16119.879105282664,396.4607270722684,13610.404746302527,481.59664735441265,611.2176589250382,1.3257160466017417,1775.029888345964,22.226094359808524,172.2541955991912
2027-01-18,14403.668410776656,440.19675375909304,19.520478336386184,15706.661702461135,383.1371187138105,13618.025615028266,463.1444755872045,613.7957652195122,1.321964986185825,1767.100320603418,22.42001728939665,173.4362222567481
2027-01-19,14156.221900668455,448.64400586693387,19.24147042382147,15789.431740118389,376.98059095385236,13544.189461990005,479.43429978965077,603.2636967081071,1.3265851558443564,1788.03920799504,21.322234522938306,172.35421604524876
2027-01-20,13832.2963428945,447.02674326469406,18.71608477400285,16028.034457213444,383.4366471705998,13752.524178739897,465.48914720943606,603.1013527664885,1.3284769294693075,1786.526971154172,20.894847200929018,172.8742938908461
2027-01-21,13474.563288355954,458.0427451946821,17.93268512091001,16233.835721176943,386.5288219608663,13743.142005413261,483.2656652683651,605.2460340995108,1.330213873215042,1770.0792019377611,22.002534010111244,174.02504405376888
2027-01-22,13763.66430091943,469.90120735249786,17.927024127091155,16056.957541913427,398.3475007004354,13635.02319618173,476.68741436722615,602.3873525281894,1.3200222427062884,1763.743613031223,21.681916694129974,172.43091574326624
2027-01-25,13624.986597864321,469.80877022693215,17.731996151517382,16988.052832799778,410.0707684483418,13552.8828925676,437.3827211862674,600.0342180842888,1.3271815570776322,1746.1104242457973,22.384986448354102,173.14854411238295
2027-01-26,14023.190951647204,462.7979474918371,17.237592472490785,16597.394343269898,407.85494472838604,13573.78310853396,416.4172623183966,597.8459629702513,1.3280299524096113,1734.5412200171825,22.052356436894296,175.05737445465903
2027-01-27,13905.271729485507,448.0998980550712,17.657791609676234,16275.568775417662,425.7560911236984,13671.59332472031,407.55139871512347,595.5120859177816,1.3274932622291502,1722.6382250231195,21.906293096134668,173.89540416971087
2027-01-28,13500.619673244153,438.1510005678963,17.900381758149972,16364.321420902716,426.1037156638169,13513.615849936712,436.4075296109423,595.7818865985715,1.3236480727637348,1696.9398428268894,22.19714379382661,172.93217134454278
2027-01-29,13247.88803567335,429.0966753130062,17.89565028199813,17052.94131288018,419.35483182928476,13745.708944888103,456.5205380418757,596.7126431901897,1.3185379823167798,1717.9451648620718,22.259768546571635,174.58002360315604
2027-02-01,13562.149062010496,439.1485585349387,18.39620157559134,16800.942696253835,415.0278132360853,13789.463365867501,495.1331715763365,585.7722334945821,1.320763299303975,1721.1919436049627,22.479836667988717,174.12080396952783
2027-02-02,13540.383467258203,440.447366028615,18.647179993291054,16733.024116411252,399.5669002118904,13853.014745121305,537.8117117120457,589.4600552675635,1.3093934471063138,1712.1104897482683,22.031186174669237,172.7928134538272
2027-02-03,13423.50690646223,443.689335956622,18.348316195599,17096.14224837875,410.7975582641756,13846.440197978038,523.6224872228427,588.158792882141,1.314703948824522,1715.4936401326333,21.420582272395006,174.0515380488892
2027-02-04,13478.391115068851,428.67449910770637,17.97628531139812,17107.44001710127,422.2558829576592,13854.381063468038,518.7108700428996,598.719756234549,1.307923779945957,1704.4066305040528,20.957686110671347,174.8915880212161
2027-02-05,13617.01119301527,420.9989858324586,18.27827209914955,17016.032440529947,415.19482235687906,13841.439524198518,508.1530294249958,592.5698753235307,1.294659305125603,1668.706102397084,20.68683493242648,175.05871574529453
2027-02-08,13910.347850068702,427.4869241620496,18.429273962412676,17217.09885530095,413.7549244575716,13974.400503874087,491.3747676944751,588.1976133201363,1.3066375115200806,1708.9891753532613,20.574767981651195,176.67609726910675
2027-02-09,14294.945295719717,429.92556409698716,18.497495266730155,17323.79259772605,414.5937631697471,13978.993843509565,448.1519618729923,587.3593350834029,1.3011735877419273,1711.9256862617071,21.121624094673628,178.40980495887422
2027-02-10,14219.726110584383,429.38622380142965,18.19242640482882,17683.98076479778,408.0432423729372,14081.462485510963,447.8216227435489,589.7836747808653,1.2966134425183877,1704.2186994264625,21.17414560950419,178.32729465320722
2027-02-11,13901.007297834043,433.76125551145725,18.420502806294497,18141.40867015051,396.2068488516904,14032.198578135232,419.94204343003906,579.751121626237,1.3041200379023077,1678.390748268737,21.43865965735708,181.20250300326566
2027-02-12,13814.502305706334,445.75391743994726,18.14970576982603,18265.7944540124,394.9504607449713,14062.551639358191,419.22514556020025,575.6713991602749,1.316399906916553,1658.7797605420653,21.52114292070324,183.54912202405384
2027-02-15,13896.041024673163,444.66908028140284,18.11815757676539,18385.697950259535,392.9577072347485,13966.757879520012,466.00513637267363,578.9747643770557,1.3064789047744438,1681.2174162101592,20.935577557975506,180.69453235865095
2027-02-16,13673.45443244959,445.65284859397843,18.655733019968356,18479.115189727523,390.5277384043665,14126.16601111318,454.28711112031226,574.2849928147535,1.3003777760087185,1701.8802884688182,20.950902525017636,179.24740450718005
2027-02-17,13456.033651195212,447.52027021288376,18.41631238756189,18670.311954898523,392.16598169628816,14026.173191363046,458.7328900542319,581.6425092040644,1.2947808137975763,1712.5087697546455,21.025821510927756,176.07757501877362
2027-02-18,13555.817431495983,465.49231498494703,17.85131240350542,18708.59246472295,401.97383806538613,13990.80436757717,480.006920294967,579.5031284288704,1.300976886449988,1697.6395663918288,21.43551999007806,175.65589603910462
2027-02-19,13560.21372202169,450.6116523015334,17.484697777465268,18727.09390634504,400.06795926009573,13956.783175242548,486.7813678743889,575.0613337211438,1.3118142385472946,1718.6147488569795,20.876719882847667,173.9968506845706
2027-02-22,13584.512940811072,456.0659633055379,17.84122984409659,19176.915971549348,401.3893732535665,13917.959781160438,493.952468562843,578.4597112708307,1.3048783671954907,1725.1549088889983,19.844450282793723,172.90160100221254
2027-02-23,13416.395093212195,455.7300412693747,17.937736623247293,19757.110857756783,406.54261632841127,14014.360286289813,485.08259402152237,587.1248314389497,1.3142728644545552,1734.5642763232377,19.93807022356639,174.45157527113165
2027-02-24,13376.912331746511,460.3877029794561,17.89692906294181,19218.43479630706,410.55470751851124,13980.068249905013,479.49107194351,589.5650275601181,1.3097527610117095,1741.1148245855459,20.12126529602989,172.05403166043237
2027-02-25,13172.00921414965,456.07214339461234,17.720944786758107,19241.32607948837,406.4512479463295,14162.221188183788,457.0189008293711,596.529614953016,1.312087003364836,1720.5942311236154,20.037241370387836,172.26714680402748
2027-02-26,13400.843268201172,456.21654022103473,17.899172083235207,19010.190389468346,407.2806076797483,14063.906092426978,476.7665694918412,605.8416245217342,1.3039025555410115,1704.521500987329,20.05729911401977,172.47216523784763
2027-03-01,13669.295640349317,461.94698572155016,17.603053167480343,18917.10830260532,411.2538149784952,14090.996692524466,437.0083996777913,601.0762979368412,1.3032381882196968,1697.9178078283778,20.50897186913773,172.39299897493532
2027-03-02,13238.387352824886,486.07196943480557,17.716309815438255,19081.409220301124,403.60174249141625,13998.553279353546,458.7506577066024,606.416716130244,1.3026446155929357,1707.0245046420926,20.281158516316573,172.60797413460335
2027-03-03,13034.36780577916,492.93892265220165,17.464331175992534,19344.997344046093,412.52993342711136,14057.312768633104,427.657188769922,598.3980485502099,1.3007236015573709,1688.6144530982644,20.146413492190508,169.58677182200594
2027-03-04,12703.175732331783,486.83060439479186,17.158735365846525,19323.14206702317,422.8619559086871,14060.918263333602,448.74386909584035,600.9311015792615,1.30336004643249,1686.5846569992625,20.19231715510586,168.52570462430555
2027-03-05,12570.484789596829,484.073169887187,16.94643769104678,18651.93664157585,417.8650427138634,14046.926763845742,440.87500558163794,600.7857773481503,1.2969436095394948,1684.540278848991,19.591716046870154,170.65300678160057
2027-03-08,12566.690540941363,481.1030301234948,16.824724434972115,18331.375794885455,419.4108155914459,14203.663309561649,414.53937615141655,607.7872962973763,1.2913546843780377,1695.5965275057733,19.523315062720055,169.06061615622454
2027-03-09,12257.721827159996,467.99197870293295,16.813344731795855,18664.953289147972,424.1849813022743,14125.911897212027,426.7220647452757,614.4793001492128,1.2943144477644772,1705.114024152074,19.498076363247304,171.36404515547008
2027-03-10,12070.47773876817,466.0391824864693,16.89777601075207,17735.699119119963,420.4368106108202,14206.356005204865,447.00566853418684,617.885578904967,1.3031590402360786,1691.7274681924107,20.318704546051944,169.48011991577684
2027-03-11,11868.542141160679,472.0547518257954,15.700847792896633,18158.533647613323,424.06283137834043,14114.022845915057,437.32094060908736,619.7952267244556,1.3031407069108647,1711.7627144800197,20.173885612729844,167.4557786333967
2027-03-12,11927.208207139447,463.0371389498256,15.453904645676715,18357.6061638371,425.41151758321985,14133.996548203173,453.365149738734,622.8865890068171,1.306557261342782,1696.2462953286079,20.281096748895195,166.21881412210365
2027-03-15,11956.444148297478,471.3886848852375,15.337952305016659,18841.301321089577,415.0929072612172,13988.321740206877,404.4158361961889,623.4823145617008,1.3116501921251216,1711.4751572023629,20.758477090179678,167.7605628130167
2027-03-16,11816.290335827449,475.604860334066,15.811405402178087,18789.130250410006,418.51306599811005,13910.725562340267,378.5748590879564,623.3883244119941,1.3172398953508158,1704.3000600386194,20.334472114802193,167.0626304626749
2027-03-17,11868.19213985997,470.56761192517934,15.47818306709814,18085.523676774374,410.92293440682175,13906.00662887346,403.84626693317784,631.7873347187913,1.3111058421525317,1706.8778997414242,21.052326766697508,167.55841399327122
2027-03-18,11766.089822867536,470.01996700403157,15.533320413409037,18252.25641545757,417.70361995578025,14140.637168493422,399.35502747907094,640.9932011271234,1.3061526194897215,1710.3085824122456,22.00804008615633,167.6906857436361
2027-03-19,11722.75539561024,482.72557559327385,16.009591748515472,18718.402314239935,413.12968444413644,14159.134389448662,363.84943724225315,640.4326204351083,1.3017838436599074,1713.358486128162,21.998745694906397,167.6511661321507
2027-03-22,12095.748124220803,488.9621534771317,15.59934078988734,19069.245141159256,412.1633276866578,14377.32008030563,351.35490539197065,642.0605700078155,1.3145293335604589,1722.9733063750296,21.71058188873538,169.4026411639249
2027-03-23,12406.02566230796,489.56910623927655,15.72745892547568,18849.486969738893,422.06040295002623,14411.620786220285,335.50163021747585,642.7896562779382,1.3180055473805903,1728.7232683463942,22.61871751064156,170.4855456546425
2027-03-24,12133.73794852097,488.2476204596548,15.48176259092705,18899.47525695634,425.80731287013975,14367.24728617823,332.729127786051,633.7865691818937,1.3211944629642909,1739.9429649427432,23.080048516926418,168.96765250949048
2027-03-25,12331.106040367356,489.38448149587776,15.330894629918154,18727.822800295336,418.23181916684507,14573.5075737208,326.61796322225206,632.1232151932248,1.323748390908796,1746.771616432259,23.134332599930577,168.62928490620973
2027-03-26,12527.549189013114,485.9278831621246,15.091140241034935,18457.009288420944,411.24218069881033,14636.793909217557,329.55318961538796,641.5465037940492,1.3151667127614097,1729.5368424382332,23.98164795659176,171.03192647795404
2027-03-29,12286.012438199588,470.3533554065849,14.876319991954682,18813.91185424971,407.23651760583124,14558.193975536919,328.4105372089487,637.4868764292801,1.3281066913688147,1733.6205829616404,24.79429717429242,171.50402538073362
2027-03-30,12483.39564307026,486.51078932039115,15.713322657192581,18409.069936761414,410.14185612694513,14625.82991843909,351.5146631535713,649.9949424336554,1.3314257031684686,1726.1631013244564,24.59411656302427,169.48153286323776
2027-03-31,12849.208154804326,488.25815825790346,15.985755538286933,18117.185488864714,412.812785892637,14593.201729671498,359.05617634223916,657.1509304241201,1.336382218554638,1711.254941181032,24.75495068186101,167.57778960445333
2027-04-01,12607.304657972623,491.9192785484492,16.34681053635649,17758.858738735194,407.10105543930376,14340.02355177218,367.36739987204226,659.7936945424647,1.3247695496061374,1707.633110756886,25.122033977399443,168.80915584437687
2027-04-02,12415.69415443924,492.004622140502,16.51340827808562,17280.34575853512,399.26241676226545,14467.116348987043,389.4051401625242,663.3977876908466,1.3300768715851832,1710.4802015911218,25.147627535386437,169.79440452596447
2027-04-05,12660.402843112106,486.7867987071139,15.996141518341222,17345.82153890337,401.33873833277545,14616.231276813518,381.908807215824,658.2073027213745,1.327842807892101,1714.2429437802887,24.29551571244211,168.58117683446474
2027-04-06,12737.700660600087,485.8750298150083,16.12783558508792,17750.615685313227,400.25993901984964,14865.9612660054,358.5571219654865,656.9007047014509,1.3192214627146186,1729.1323465632172,23.73938082045837,169.62641106335047
2027-04-07,12880.219016393197,474.1203224631145,16.482600176733673,17706.07043919157,415.3771296372269,14928.519053822025,380.86176950802263,665.7441680322011,1.313076613124258,1747.6608241403515,22.953690679652002,171.84511448412243
2027-04-08,12974.985750256184,492.25383995406696,16.20852438206596,17223.906563066623,415.8019710723021,14901.0980247168,383.4574209028332,662.3371395902782,1.3049287900206858,1752.719301578153,23.245274058738893,173.8958305008136
2027-04-09,13082.243560887879,483.15732552248966,16.52945322606099,17518.496778129316,428.99763835686355,15019.506776541793,386.1385131313268,668.9604139597348,1.2967220125816845,1760.3370907306232,22.573869875252896,176.17726381673847
2027-04-12,12788.922404526926,475.7682499378604,16.768976758931718,18106.76480934702,420.71468359199304,15140.877286905692,374.1024353895194,660.9852498585806,1.2972443584178293,1762.0321819665123,22.689527829002657,176.99731786418502
2027-04-13,13047.950580438393,472.9486018975408,17.40698145346717,17903.693111784898,409.77583766351023,15371.923897261595,362.74020331020336,654.1574678483731,1.2948676335267055,1773.2350593846186,23.759942740511157,176.78128677984833
2027-04-14,13341.556297392146,483.32820199148273,17.267320012714674,17759.39158884449,402.20778191545054,15371.898555011952,378.4269295802528,665.7142743489759,1.2971620286504377,1780.5129565401319,24.630742040930294,176.24824072713628
2027-04-15,13302.535607828191,483.97249379954326,16.8974627717696,17952.188536908863,410.5854351364331,15355.149077800648,397.52419156247254,665.9096673129004,1.3082085766600846,1780.0929746145255,23.53197002090148,176.2589754339386
2027-04-16,13308.089443489496,475.0166715280553,16.78072517316293,18532.53123142354,423.1969861027896,15262.685034168959,413.4129456413258,662.9552738758589,1.3074925042227339,1811.3663616121564,22.798446239788795,175.06304713903376
2027-04-19,12961.872248632497,485.1796890189979,17.274688479835962,18368.74876595022,417.7740382942572,15342.827816168816,430.1332489996426,671.404774067078,1.2930279779431164,1803.8296524581592,22.366839345751067,174.59548581138426
2027-04-20,13098.120278592625,491.427944297844,16.65939328934087,17927.471161658574,414.6816368096449,15136.571459435349,442.5469316021191,679.2468352621543,1.291593783031333,1825.306001714867,21.729132754693484,176.42092281443414
2027-04-21,13249.57880570759,496.22541265593435,15.989091437470963,18161.99441365369,406.68478857529504,15248.765560680426,445.46677074159373,685.173013085242,1.299453665318045,1805.9979172247804,20.855308580029536,174.19932307968173
2027-04-22,13250.646257218406,502.4931622346454,16.02251002596892,18458.288025117046,394.5084394117114,15335.786268102798,441.5775568097312,681.9404238323001,1.2990253094896929,1818.1549697926914,20.855913215616095,172.0998481231421
2027-04-23,13537.785285824444,522.6917084954472,15.886073172239936,18478.90816765429,399.51588698932284,15422.919786941664,469.12528441722355,680.4538763669026,1.3091274866613745,1839.5386028344028,21.233179505287644,173.2817817274661
2027-04-26,13472.779218664278,541.8847503385612,15.893295953182305,18302.276494146572,401.19391009521195,15448.296339627152,460.44058298893583,682.6379970995886,1.3122268539621926,1812.0467876354983,21.75222128145325,172.8315951851701
2027-04-27,13626.742228531719,536.5532950796232,16.20149654952482,18670.012864250068,401.42598590823036,15669.176968085572,469.03752734034015,687.192388328079,1.300351007623371,1814.4250358290558,21.502172486967932,170.2235440032992
2027-04-28,13394.983139263159,551.2828713081632,16.028241028882846,18877.133666366197,392.1412910974609,15798.94986210732,450.55588977113894,684.3284155507315,1.3011937926684836,1825.2043350771057,21.36291304760398,170.1740717628909
2027-04-29,13405.382501830309,555.2834735532666,15.443560402509565,18622.137400801912,403.38904759379164,15719.151012089394,435.9454754214479,685.6549933576556,1.3032578285733287,1829.2529400529738,21.56018473794773,169.93039160266795
2027-04-30,13379.422989292845,560.3515079434045,16.09295735905486,18658.165071935004,400.1119609694382,15642.27472366243,430.82822068547216,687.5820018108245,1.3104478258860912,1835.1622578807735,21.508241247149705,169.37923859321583
2027-05-03,13449.924215557194,545.9830581653367,15.779903174349759,18203.272991972535,403.91968536155804,15525.131576338226,413.85370090964756,695.8694184736498,1.3225571712234963,1837.5307502772876,21.95514141035504,170.34501228128963
2027-05-04,13376.801653581091,545.0959171867646,15.45382332276091,18460.500314052733,394.2118738692605,15608.593889209596,430.6971277318507,700.8908845398607,1.3287062720872942,1821.8795795472713,22.199293554040008,168.57155187853465
2027-05-05,13361.20662215502,538.6449298355618,15.803490561706843,18387.128715344144,393.09432173020974,15474.916188296183,402.62411542260924,691.7267469284931,1.3317690085297504,1857.094313046833,21.998028944086432,168.6227857453522
2027-05-06,13577.640096339937,546.429631721597,15.687136649509617,18253.783756771078,395.2043422276275,15632.79469802045,404.6266911523739,690.6742749308377,1.3364128962119008,1849.9983848382287,21.00660575669842,168.37209867428464
2027-05-07,13487.489780406788,556.4864521166644,15.671962029243936,18260.637235674552,397.5669040227163,15826.372461289044,407.3164071810098,685.198981586131,1.3354242710408235,1856.8064616038985,21.815325736684382,168.45674406775285
2027-05-10,13118.772045754878,538.9113272903221,15.828768258431642,18292.9112011851,398.77296988744354,15707.943585525349,372.0582089553884,688.9867685153015,1.3258246698892484,1847.592312057558,21.450772978181053,166.1716874805411
2027-05-11,13554.745336301463,539.3142829196825,16.18040144229825,18625.233291700275,402.300426672547,15688.008150786143,363.94367865400005,695.0129281783792,1.3262323977112787,1814.6206416450107,21.649874272283906,165.51144139141772
2027-05-12,13912.710805920766,549.6865849469324,16.077672503685303,18854.432082771724,394.8003885727378,15696.632474565184,368.6265616681609,695.9267781257433,1.3287897828337436,1801.609316187032,20.643177046282666,165.5707305147963
2027-05-13,13609.147000642397,548.6503793466048,16.5788957903629,18817.291988508183,396.2857833419321,15828.340657089957,376.61389191416373,694.5271870733544,1.320948847379389,1781.2216987269799,20.643529746549753,166.32234708630395
2027-05-14,13795.699052678585,555.6988024060792,15.890390439155547,19111.417447125594,397.21174717553674,16065.69311589814,372.78622902910547,695.2377238742997,1.3298729486475624,1797.2038075062198,20.701548202498852,168.83112033847624
2027-05-17,13687.77823261216,559.4449170859202,16.13854155090221,19276.754431157813,398.93876834892245,15830.15562039158,385.61889112904936,696.8248648753826,1.336708789392942,1788.857365377139,20.78483307581258,169.95717855609132
2027-05-18,13769.363730572053,563.1306357862969,15.874590436984679,19140.270971964943,399.5895163312717,15791.204030959429,383.5169201571975,693.0992538722677,1.3277046953121137,1781.8717236014286,22.418093396911598,170.619470157207
2027-05-19,13859.101143052185,561.3084615326575,16.321204819463027,19114.073540091515,391.1899289617556,15759.74537440374,383.7788156774501,685.8128742873238,1.3369365229704584,1767.1175145463396,22.07377857796161,172.39830983103246
2027-05-20,13817.318908121468,551.0939505884675,16.372548511782636,19079.389399683183,382.6767347090706,15568.550707737295,388.6382954252027,673.5441596603428,1.335010621415242,1768.8011123534184,22.53809570886432,172.01419024673055
2027-05-21,13640.114089031742,541.8888038774759,16.158527913298162,19282.70593992192,368.686997537276,15506.928266381532,407.0756582535458,681.542219670108,1.3299572383646436,1759.0437038639725,22.841700423499457,174.20075528677074
2027-05-24,13487.796015473134,548.6772939800734,16.3790777976448,19167.865389408533,373.9963827543579,15572.97171900593,393.5519819119053,684.8675736976224,1.3372873260378502,1773.4186938463467,22.46417586509105,175.80274201325335
2027-05-25,13283.116905633724,549.4522065520531,16.67930189561794,19045.244249178337,379.4475212143716,15540.176759478636,384.08814362403524,687.3805682947396,1.337079698794615,1778.0645899525955,22.928108233226155,175.21180566229626
2027-05-26,13101.425269800959,548.8392523964193,16.899878384694674,19790.93121974495,385.0821384685749,15331.769735371254,371.45482024528945,695.5305151991048,1.3499719751886878,1770.3032462099154,22.84096348994202,177.96505335580775
2027-05-27,13101.304616437263,545.7294593349228,16.56037015294958,20167.628868660624,387.25062280271345,15739.821039326578,365.33595559635046,687.9909429364859,1.3443617873539495,1782.742166510201,23.353261394889593,178.63822728235337
2027-05-28,12949.123914737474,543.6688531582136,16.40575451698112,19898.162187961716,373.6087253468954,15783.884859135502,392.3401014764303,677.5985447130297,1.332905445771666,1783.2120240919432,24.53401971640575,181.83622801174067
2027-05-31,13124.819705615037,553.4607982332028,16.409340275823613,20135.31531019521,367.2911958065832,15806.080710356578,403.737670016532,680.217828481793,1.3311708773705389,1783.8754582053025,24.634075971195845,182.31425864759163
2027-06-01,13497.108839399152,551.105917858086,16.40072446698593,20200.83429393709,368.5041762246651,15656.926138027275,381.53815092657317,682.2884565599172,1.3365678555183735,1763.4764951248605,24.468891003885727,181.5328184092375
2027-06-02,13372.957142666352,540.0004558281424,16.653500227051556,20372.04010317518,369.5018882469356,15699.984722603278,370.2537198189962,672.0083486068676,1.330519292392882,1762.8264404708996,25.128218567920506,180.45765680129043
2027-06-03,13446.835843893114,547.0654304029123,16.00053874970284,20445.70554692857,368.2526056301273,15683.070449174955,377.2193547524362,674.4560091143658,1.3218322066701556,1767.7204056698945,26.02890859858253,179.9808064293043
2027-06-04,13584.618460260219,545.8752039745486,16.112718589379096,20934.03017769172,370.7176506780143,15424.931123039049,360.5034302877776,672.2998504003449,1.3234784322243434,1787.03772132447,25.468091401999832,179.19594191488898
2027-06-07,13716.976111797336,546.7505794255129,16.024347871486334,21093.034332227915,370.9394354469752,15283.178903761893,347.663295591485,667.7011241101587,1.313959385444998,1776.6759873492479,25.188874874512532,181.0640730137875
2027-06-08,13752.23550134819,561.6135456803279,15.762588174299411,21089.244565234516,371.8505032147726,15399.070334370037,371.84699031769173,665.9668143819505,1.3161074440491047,1809.7144395846888,25.625501438575824,181.05831636205798
2027-06-09,13954.04843200729,562.0467341597704,15.53490705132168,21532.529576179735,367.979705946512,15677.135268996919,360.6159969733232,651.7532790222729,1.3139992624074035,1818.1582009257197,25.548719688152246,178.77123788141026
2027-06-10,14092.604517680724,565.2747759682925,15.473034610829522,21649.821530527504,374.324091328697,15735.318742062,378.24684541512477,648.5529924867218,1.3173836563655514,1796.5510008450667,24.953869616387188,179.11194875046252
2027-06-11,13798.670319903118,555.3225778274088,14.402144286329714,21721.559746664352,371.7415516460358,15898.671252347494,402.74885220697035,644.7128763689478,1.3084307876272352,1784.8013691621222,25.3010595856981,179.32774812258074
2027-06-14,14033.074996490754,553.9832518517514,14.205813934973984,21873.409772247578,363.5721720174605,15882.751974105839,388.24635263209024,648.2127671276503,1.317082894781866,1805.5678209774255,25.73709968854693,178.692466805831
2027-06-15,14276.120953815825,560.028049965634,13.963335708069957,21856.386387837265,358.9814951264697,15876.73489411014,371.34885834627505,647.5492908642846,1.316009682610556,1823.980056611118,25.530501502356792,179.1112286415273
2027-06-16,14098.228176475779,546.8644097838264,14.11715437933998,21882.08958167157,357.00397504514393,16039.80803901905,366.25702295569175,651.5438727454059,1.321175411755964,1824.6089782220668,25.577360221178253,179.08384902204577
2027-06-17,14124.798469480062,549.2284160980003,13.895709826170231,21661.17045439376,363.2331678389702,16288.16271726585,346.85400252922096,637.0186170758061,1.3276642311937352,1827.1640167826358,25.218888745086808,180.03013425234144
2027-06-18,14316.775064168709,550.7203070742064,13.840206504078315,21375.578965023757,363.11747617173535,16486.609410933597,348.9594210378781,632.4789866237929,1.3201349369911848,1810.581682152547,24.5451022046401,180.89632568687938
2027-06-21,14280.061768131121,551.6907588932137,14.27805014965087,20994.830971188036,362.11501704476524,16335.672817170964,345.38959741302205,635.9061380616154,1.326103899022996,1830.1898541803816,24.249250660436385,181.4614625753964
2027-06-22,14576.022545352842,561.5395523857152,14.569210526059335,20467.301844411955,354.6511427321208,16332.363054918225,351.673099167445,634.3946195425284,1.316820225016399,1816.147628735824,24.30140153595163,179.6216072970655
2027-06-23,15227.874425010847,565.173762727846,14.838955658426588,20148.17978134492,359.5624277951736,16379.758341294088,377.1146382100663,639.4959794041719,1.3079607191138065,1828.8283193011696,23.428583511960472,182.72907480936865
2027-06-24,15031.978676609095,579.3358602354722,14.695751130057022,20101.669618765478,355.7416009206722,16348.059795596258,392.8482756965483,629.4452700217829,1.3210002535861272,1849.086693626964,23.188500118713463,180.5046798746638
2027-06-25,14680.514066397256,570.8262922453539,14.860683865943589,20161.243267004676,355.2792690498965,16411.789380847447,402.5766281224266,633.8541656089074,1.3284973405206204,1850.1691780500364,23.246445171791418,180.35498204931528
2027-06-28,14778.741683200222,572.6986944260112,14.795766651754015,20077.654426919602,364.4783910569844,16540.05694675553,364.88529302967265,630.470680486021,1.3424775238191708,1864.9196581590115,23.9583935121996,178.81854283533988
2027-06-29,14989.918880618095,574.1043695627297,14.74227532164776,19218.034024051274,367.7915150823293,16696.688733458697,373.064690515575,626.5577059534196,1.3401288084788947,1893.068563562112,23.779025566148867,179.42230442375862
2027-06-30,14945.68016344706,564.9872341108912,14.868025172086657,19821.481048848953,357.89366735258756,16958.738584759638,406.6216802723147,632.424156020636,1.3409494105148703,1897.5106472875502,23.056698961993305,179.65700685082373
2027-07-01,15360.219189138796,574.329834833166,14.695966578250383,20255.155898422836,347.426888372267,16915.295668731364,349.7984371875934,639.3278641006002,1.344624312033116,1895.230424073153,22.943045317783056,179.45049695446863
2027-07-02,15012.543625529855,596.7502172799076,15.145949489692313,20447.871840315234,347.1861085481246,16715.59278125846,362.06589367665566,645.56745771273,1.3446767832113762,1894.5959638232498,22.627152466854994,181.67903189961567
2027-07-05,15219.212783056872,597.2444730302534,15.102050555821755,21223.756276196862,340.23766277884874,16776.28185627188,359.1924413714789,657.7845767355144,1.3398035439086342,1883.7447818668193,22.948557616880162,183.3339836105351
2027-07-06,15072.217278852204,602.7526234652287,15.294568178112396,20854.113420296755,344.1472700258979,17069.963420625125,344.2501395914321,665.5932306898784,1.333947472394233,1872.6172111697558,22.762340831066776,182.8914145786835
2027-07-07,15564.644066886976,604.2325649648606,15.751092908975243,21637.244071457528,344.53240448815546,17003.642931034883,358.31947341316845,661.1097021266127,1.3355081843672245,1879.6325105938135,21.277353409727823,184.10857975150878
2027-07-08,16152.376853945076,598.0305325597551,16.084286947017905,21265.308265195235,345.64066311278714,17115.923584064305,390.29788970919674,662.2178187201156,1.3285359981081966,1877.544274624483,23.34152351143012,186.46492150947458
2027-07-09,15950.136606714645,581.4992289523918,15.64207575702537,21383.359916088168,341.6493967025713,17230.325573337737,405.7234637531685,660.3386120000275,1.3214151758140757,1882.8474639883648,23.431774402231355,188.15270491066892
2027-07-12,15812.098350909298,575.6024723522968,15.786613992023115,20892.915628555387,352.0554098408615,17266.944039157708,398.26284672378154,672.7774292988619,1.3241505046371411,1860.910251018927,23.491126861163863,187.9853707428495
2027-07-13,16077.936805416462,563.5442943566441,16.062329585519645,20919.658692708643,369.6337575305229,17274.928781330822,379.9116459346757,679.7726406473107,1.3236529866598283,1859.9038627270236,22.60989223834882,185.64601910704252
2027-07-14,15985.460585473531,579.758460517656,16.356314219412702,21094.798376413673,368.0345172343316,17138.808314033806,382.66888937924625,678.8895638493643,1.3300032154297738,1875.6696502940626,21.803560639036817,186.16603198673965
2027-07-15,15991.577762092395,579.3285811735005,16.000950342758152,21053.93274362717,370.39810913273044,16797.17009506754,399.74568655363635,684.5486097778455,1.327313271933739,1859.3265425604873,21.760024862863016,187.20191680156233
2027-07-16,16018.097637168325,576.7651156605925,15.796800383591703,21362.798956392973,371.16046624141734,16636.578065421454,392.0839244985215,677.2699047107343,1.323593681124196,1859.9443344856807,21.950257000193265,186.09008196526622
2027-07-19,15492.639939471086,585.6729724148446,16.118998008625983,21424.439804594094,369.67336408816357,16584.873281088385,386.4323268278688,679.0686497627677,1.3265323609343997,1832.9188296590412,22.34565067316402,186.16087704944857
2027-07-20,15507.379216307945,575.8882022850313,15.88004626867238,21234.058752465146,364.62689235032525,16756.191570739607,444.9922084419128,673.6299497992416,1.3212895158117515,1814.2388056401765,22.485432223851856,186.0746854467582
2027-07-21,15334.434020252078,569.4914240249486,15.789883471149986,21027.62363365371,358.1064047604097,16747.34408186381,469.65076729183966,663.7354121758154,1.3170804767761126,1826.364312098173,21.835107008910015,188.18957132049312
2027-07-22,15217.174303104499,570.7394953813949,16.300356268154555,21375.477337110708,351.3999413069981,16675.96484591422,497.45037561267605,668.7059457744383,1.3131453042963757,1822.2153782909622,20.516048273565445,191.0395247058038
2027-07-23,15636.533298370003,580.8503695400244,16.28966698521054,21132.734735765796,353.9706815278374,16549.39562408542,462.423671532465,674.4663195294622,1.3119003626593535,1849.3414164370631,20.47084878748254,192.8826664224838
2027-07-26,15305.204444621344,586.1760346471426,16.05941844954938,21525.018375756124,350.9976832552431,16654.173329356734,446.3583366542585,677.5183614416156,1.3237106975538457,1856.1215629136148,20.205452566068615,192.7892479192916
2027-07-27,15549.533274882733,589.1573803332783,15.784732093006903,22052.973117648457,336.0798043067743,16865.76874808355,448.02819101878623,676.6742233247405,1.314761109220915,1864.3899495711703,19.583516233457786,194.6064555323111
2027-07-28,15490.226721401328,590.5434596204163,15.894887810992977,21386.114679564347,338.7665524528056,17034.77718897982,426.1533589078743,669.2734512563082,1.3234375036355008,1848.7727459688324,19.999147736999678,195.65827607880152
2027-07-29,15430.924925741885,594.9914315109737,15.481326814760367,21873.316429194732,338.681721770007,17134.8143158075,461.65559322277863,662.5795333869363,1.328461432356987,1843.454386275626,19.232474698038832,195.58018554584132
2027-07-30,15670.818711191052,597.5712067022976,15.409556312828776,22769.353733722724,346.66338377802293,16915.524403120537,495.38476279093646,657.0874280420285,1.3390445658144525,1833.0479098752335,19.537280517061948,198.92136062631366
2027-08-02,15785.964545692033,588.4511376997434,15.51725246918203,22901.52652407243,349.00886195523736,16868.816429875456,482.34397100533914,655.9693213443251,1.360346952446286,1817.8537955122335,18.866182098337422,197.78991387804018
2027-08-03,15968.08845866838,589.5332736597622,15.930499253182967,23186.86995621633,340.4811836642399,17173.9289277787,527.3441769990186,662.6186460541246,1.3702552610371692,1827.8999087501552,18.935211470353174,198.7875562956066
2027-08-04,16268.318776936285,580.1299578551706,16.14945697842767,23671.913700662793,327.94809872604446,17355.16277319838,527.2320729941027,669.2403533051379,1.376749628261423,1840.9538682385623,19.388354213938122,200.16723323709653
2027-08-05,16191.008095302972,581.5223837828122,15.925237629188315,23571.894833706563,324.0909964945033,17123.51216235078,600.1083988755366,659.6478682672625,1.367881096132015,1847.2080583189088,19.2310133530258,199.74732496166814
2027-08-06,16032.78632746006,577.7025387339412,16.3099199643404,23677.3389841391,320.7934645988378,17121.794508369112,604.4655083121005,655.8073419003061,1.359928039319603,1835.3786407499053,20.066911218486062,200.68294971909046
2027-08-09,15741.539740131522,602.3202034362573,16.21737516809407,23116.546011046943,326.10884630265826,17184.710610931797,622.1332186706567,651.8311855321448,1.3625156544650427,1840.60927446013,21.058818608712922,202.2471119293192
2027-08-10,15528.012829034098,602.5983527710633,15.826237250757588,23200.705882981933,326.19012084592123,17074.064979893687,667.2397454520489,637.4025243425401,1.3511314550300477,1813.0222732947989,21.19041133156398,202.6838450557388
2027-08-11,16394.22882049512,589.858725602449,15.776607754193982,23444.75569442518,332.6706989368205,16729.569930258807,711.2550512029093,640.9147487925081,1.3554310916086534,1832.6798437656662,21.485610198097163,203.49212696486583
2027-08-12,16785.805258379256,589.2415354309081,16.241857481195677,23699.49949474389,325.3921097608566,16751.155225404153,729.6519871865099,639.7522630642366,1.3411734545053753,1814.108368103393,22.069600963319917,203.70457143612458
2027-08-13,16402.180209048453,594.8123137183486,16.300511800365353,24208.33509563328,330.9080165739576,16639.46694384272,724.5209476671411,639.3568374797571,1.3490573779271358,1798.2795781151342,22.37874890415604,205.04940003250184
2027-08-16,16035.58030438794,611.6252386466841,16.309486679678372,23878.435180358818,335.1228754021,16529.105962273126,743.3874007802731,647.4072688258659,1.3470238569388617,1800.2989889207406,22.631503127950946,204.71506726380412
2027-08-17,16194.693250767914,606.5508104592526,16.857424388706587,23661.665036198247,323.94938256096333,16483.019031525884,713.6610295081609,648.1812410789714,1.3480115667972739,1803.6024618820063,22.34362720783645,204.24591106130345
2027-08-18,16374.649518026294,592.0373083800155,16.386602485545428,24553.90412553441,331.4482802887355,16469.787109209312,719.1103240903683,645.9317035171059,1.3431112239957415,1802.9136375342184,21.427116367949203,204.32036843068408
2027-08-19,16557.08797954855,600.4858310533895,15.975432877406366,24508.368484195722,332.10811868316506,16475.029533056146,680.3105671752174,649.5257457564553,1.3305549350770232,1787.3302396139181,20.70147294649218,206.30559625288151
2027-08-20,16501.067611897375,588.0132412036838,15.472049958293539,24626.307250678543,334.4626891355101,16351.01481961237,622.3516759224028,656.0075652639225,1.3389283778912595,1803.9700223495113,21.978485400907115,203.4824257680035
2027-08-23,16483.61580213201,584.5667529649078,15.592470404930408,24619.580489163993,329.7128411294506,16325.169829298635,623.9228148350336,658.0234239412123,1.3480351435067408,1780.1581533806957,22.163028384433648,202.04787752294789
2027-08-24,16601.096332687976,582.8029009208044,15.649171776029123,24262.456254348974,337.0735974134358,16075.417917992148,664.5702300142087,662.3825345332459,1.345802708294515,1759.511227172768,22.033927520084273,205.80123969018297
2027-08-25,16646.746824709204,582.7946629126895,16.14439162042298,25047.579609451972,330.47856696714706,16126.9311924389,696.0564707356016,661.7799685699138,1.3503992534168072,1758.3576086599855,22.747758360379095,206.2960668043417
2027-08-26,16014.065098209607,589.905024151337,16.228066169324727,24822.50927699808,335.32069458432295,15723.936052244937,693.2115214469352,661.5571717181754,1.3478973165163946,1741.011601768237,22.332212828610565,205.66652904791545
2027-08-27,15967.110476301352,584.1299057300889,16.102251060271232,24320.81209752773,340.167348593871,15689.29652628445,756.4864815047604,662.4953861952886,1.3499779839320891,1758.4756517933617,22.666948818290454,207.0198910724029
2027-08-30,15743.155439652604,582.2172916342037,16.107660673950285,24137.54189513682,334.7141392881744,15825.956449044654,735.2654523995201,658.2833785132827,1.3552473450071294,1742.3270586467934,22.717547991857934,205.76498433611525
2027-08-31,15811.847504466221,582.7250167684244,16.150469580724412,23260.01912708932,346.3307361012558,15682.05929889486,668.0345946859544,655.1884803621064,1.3591498646046547,1764.5184617571897,22.987218697532917,202.3729644190844
2027-09-01,16704.76759054439,584.7643660715784,15.62408915721775,22996.94791031638,347.8356810392604,15789.816563928644,598.9840056090416,663.6294040901953,1.3684302128021268,1779.5469408388208,22.801540647369073,202.98878943704972
2027-09-02,16835.821239899262,586.3249791834687,16.499342520528927,22600.387772655176,351.8645715721557,15961.296217810253,564.6326535059703,676.0016197760476,1.372122287526438,1797.5762867255355,22.264884433251844,201.84588938629108
2027-09-03,16761.176655599356,591.0793664881058,16.676790347988916,22889.95591931074,342.98451768212135,15499.31308437499,588.1644502375513,686.0326719800564,1.372452217059816,1825.2849248160744,21.818079728445788,202.0500826580715
2027-09-06,17062.067519927987,599.7732891538523,16.75200779414204,22621.557824301606,355.69965827594757,15484.405793862494,569.7891909018238,678.1821686489773,1.3673738253842718,1826.836753940598,21.40109023654928,202.62374917630797
2027-09-07,17231.620682401517,604.2172859862761,16.964474107466383,23029.398892430538,348.51081065890804,15094.817588086953,583.074160940556,669.8388890488367,1.364242674600071,1812.4547187238957,21.405921910905175,202.89482397846547
2027-09-08,17383.262336916152,609.2881122916584,17.212048257616804,23673.181101188504,354.77802762655733,15084.799826456543,633.1001048537706,662.9640957360252,1.3699163978484756,1811.3239856446594,20.595327486897485,200.17976202795435
2027-09-09,17595.287654363132,594.7110610757326,17.16888182423294,24051.20597253881,348.968339531901,15089.861008709991,599.2169413238802,664.0319869622591,1.3598040138703185,1803.4919121335042,19.96894893147561,200.2619019705501
2027-09-10,18280.755663715398,595.8442569933073,16.958577046043914,23976.945444592508,345.4536188945945,14762.352147210788,613.7260719017327,647.7156576450011,1.3674799842106975,1793.6474113868712,20.04273253786265,201.01566398000722
2027-09-13,17933.902422869418,601.0940670942856,17.168267034779074,24065.371443178763,350.25701357927113,15026.325727463904,630.4897165395748,644.5501206160512,1.3656956053209575,1796.1725396740483,19.984855165880443,198.816514394198
2027-09-14,18109.167268838915,608.8150329680424,17.306410063768208,23401.478959625827,356.57179413214203,15071.0826817366,603.9309956765729,653.0256962823639,1.360253215493666,1792.0574987837763,20.08615021132168,196.45413073676244
2027-09-15,17831.087605779976,602.7707166200347,17.033451651886793,23365.42617071354,349.08790714034495,14962.34396883615,646.2397029150463,659.088901535975,1.3529362754815772,1781.6621539413024,20.069564128196802,194.82014040005512
2027-09-16,18031.904412496246,597.1045706326453,17.529056352303705,23009.543963594377,355.7619403489351,15167.046145060789,637.0098632265888,656.3384444008123,1.3576416156754707,1778.5234610440802,21.380476663200586,196.0267038177267
2027-09-17,17757.470472745306,592.2960814480138,17.637492778980043,23338.428318215294,362.2832877759688,14929.879470482529,624.9036577652448,654.0451450966714,1.3576779917681865,1786.7089130721426,21.45476276419969,192.9564214756394
2027-09-20,17645.727682657773,598.0589154016077,17.90219435523792,24532.12741148718,356.69506629701374,14771.534722586533,694.4902694323727,657.6557075856795,1.3686429584762272,1800.7921819403098,21.258773266738643,194.28041600790695
2027-09-21,17573.324132929825,608.7035494710202,18.413087938485123,24790.987813719432,366.6685365696629,14474.766607990672,712.8824131125829,663.4801740276516,1.3601627060846282,1778.2029538657223,21.31898444843922,194.92970467808985
2027-09-22,17906.19565489573,605.4136872865977,18.426677693130088,23894.505322676767,357.8420507997929,14717.191588855057,746.6384130518554,660.5684399723789,1.356372031366913,1774.249770669123,21.876146460110043,194.56746937175103
2027-09-23,18226.543377063597,614.9490396505486,18.549420141153988,23754.81284422919,354.2031279202288,14767.184029704456,798.9718090704553,659.4402986096346,1.3558823259951722,1772.5991636908495,21.855577032630272,192.31486521905808
2027-09-24,17843.7988792623,616.8433358634489,18.858034831786288,23833.984530237878,357.2420634410735,14861.025382209562,773.4043180838984,656.3520819598281,1.3509298346853387,1756.2603781444786,22.239596799670974,191.13160295337192
2027-09-27,17882.898411217924,616.2954693243347,18.592194691841915,23897.46233111248,352.2365524944574,14907.30037261372,823.2772467342637,648.7939710524959,1.351106268618791,1754.930258675683,22.467627352138674,192.36939268446855
2027-09-28,17677.142533839815,614.8905957248656,18.617888869203426,23591.50820124622,353.9614109158217,14990.474419879962,802.8744186627649,647.7711799086221,1.3534017244086152,1757.3607019502138,22.311786900681863,194.35205782984443
2027-09-29,17301.952118647514,622.9648774322485,18.6702968527147,23725.427621192463,355.5572196901459,15007.013524558917,781.3062059207533,646.3067063253427,1.3568198828097249,1765.0230657623465,22.380431747578708,192.79363014600054
2027-09-30,17255.191029582584,626.9077406790283,18.322186203497736,23195.072236392276,354.5700501852158,15049.668317000305,770.7523713391072,639.2709405682033,1.3672131565971786,1766.4661455434905,23.30015579948984,194.60176722884853
2027-10-01,17180.247749585767,650.8717333400466,19.197218949298023,22805.15454118225,359.7670498987223,15070.27684600968,747.148456009623,643.2562067091706,1.3584673471710744,1754.4114203460647,23.44921466576437,195.71162071955862
2027-10-04,17968.877507112058,642.7635956959091,18.6700297922707,23109.799352474514,358.5164716148873,14993.954055598326,778.5021268941076,646.3188683178172,1.3608995504508121,1783.2359581921542,22.88510996014321,195.74006015736623
2027-10-05,18131.205433248957,648.827329808836,18.1970132815777,22690.79057395644,360.0744454835138,14993.65983381998,788.973123348678,650.6386789785498,1.3566401988567296,1795.462559466418,22.70984925602974,194.62696263551967
2027-10-06,17708.369764492425,644.0648432960247,18.687259971280778,22946.953006356627,367.3080337369494,15036.638434007496,769.8310193220553,646.4150762333443,1.3596961668404375,1803.7799585347348,21.547128018662047,193.76257979952774
2027-10-07,17550.30737122223,635.8678874273711,18.961437884438322,22379.947328340088,372.42753819796815,15057.628310067254,796.2365276510296,635.2315951762415,1.3627680048039619,1818.70205495308,21.627756323493312,196.6483237968993
2027-10-08,17897.41632612196,636.4570538670513,18.581900868442794,23166.263043272585,377.588426828518,14864.633163365008,785.3560368809104,638.1642078983461,1.356195471387213,1822.6289984290622,22.355649503784544,196.96863632007873
2027-10-11,18605.334357535077,638.5593242564961,18.814612257799535,22850.79508626436,370.43156998284354,14691.658713125009,772.5785192186979,634.615062916625,1.3502335403712895,1841.8497591201724,21.624867359464687,199.11518100445593
2027-10-12,18103.415704026327,669.8175487155858,19.380953870792606,22776.65818563501,373.9006816485633,14841.472696985456,774.4614161427509,629.8001845828618,1.3538275265285369,1843.056520932104,21.712480587475525,199.54023998356158
2027-10-13,17522.083408785475,668.5819834208165,19.375038521397435,22943.115188857046,368.5055326941693,14806.444493495479,792.617578382775,622.964244121373,1.3541213695197665,1843.4509397780225,22.260705359227337,198.85866311086417
2027-10-14,18143.98984074567,657.3234213035048,20.414838654125926,22720.696532686812,360.70904756830635,14890.524229117598,808.2191452409699,621.6711289526827,1.3527704827963631,1853.2134896132457,22.883165254179275,199.83001061380506
2027-10-15,18293.621054326442,660.9276237066113,19.72882541312792,22805.482415875336,360.4137449575821,14750.780161315324,793.6724002734875,630.8115512576998,1.3573640672269587,1877.1074733241337,23.634240466825805,203.3502249928224
2027-10-18,18031.552746004436,640.0524320697765,20.01050237144847,23079.222217518938,355.0574633245473,14562.324223879006,828.010919719013,628.1997073849639,1.36247544524184,1900.3316107525338,22.56252134192991,202.34553503022954
2027-10-19,18227.774043266858,639.8148192639943,20.488993121009198,23527.83981777272,360.00580132653766,14457.962361522206,818.8546821279855,622.3171771686391,1.3590080722386746,1909.747785197802,22.855995221546547,203.87106439146376
2027-10-20,17404.051394608672,640.6832558171935,20.863781206892693,23908.232229019708,365.17155210484344,14434.803577437675,792.4721874064406,626.2297362042241,1.3533659820205914,1918.0404742777212,22.018308817497996,204.22285592610592
2027-10-21,17426.00754891017,649.5948106143288,20.784917105821478,23854.155704872283,353.69062944402606,14354.391782542127,736.3873918964778,627.4554076877406,1.3449881658843605,1929.1363541360508,21.482013912674137,201.90871401764792
2027-10-22,17550.186175009916,660.5195723962021,20.67073134212719,23811.590116823816,348.88468765448994,14528.341743193152,773.4919417025648,615.8472073349203,1.3453476897227405,1944.7965793893145,21.934134564870565,199.58509639148787
2027-10-25,17866.03493432287,655.9402105378456,20.861422882684092,24923.35970468985,340.4693430076483,14557.65619756047,773.9712713651679,619.7771696225893,1.3359420302363068,1965.5011297779135,22.02757895984613,198.90450272467453
2027-10-26,17563.998960021974,655.0816065868622,21.210932824890612,25402.6473949052,337.9373044937579,14807.85083479459,782.1749007042542,632.0169538632733,1.3367400159528768,1962.1769938593832,22.437948596591035,199.49810397697019
2027-10-27,17612.23203083035,647.8128771329779,21.474500688290753,24986.57666502654,340.69865435182413,14867.790702957385,824.1631595839881,617.6434790033227,1.3450322761180098,1983.3732531600888,21.92934609358878,200.94509592979367
2027-10-28,17342.081753327373,636.9256207983045,21.932452177534152,25059.137272038653,339.4339839677377,14554.26703976364,804.7230717075095,611.0568762289529,1.3427915738281517,1989.2208297875763,22.759117215609066,198.47525089724908
2027-10-29,17442.904145588906,640.796030020953,21.496496652009856,24924.98721088017,336.18229928958965,14699.134175421897,751.2798700376997,595.8287527386564,1.3393302688094084,2000.0065833373096,23.16110053113969,199.55422260291337
2027-11-01,17184.65256788303,628.5614725554923,21.40521439909504,24885.852076703984,343.83317082201427,14506.584181081585,753.9056900075484,595.6632903667859,1.352911468401247,2022.6450120672928,23.68890092802094,199.40520287745352
2027-11-02,17079.362747850973,625.0926015242223,21.01285172022477,24335.569470417962,330.75370318645884,14542.529579748023,765.6042246571797,601.2369007582612,1.3632988976082991,2035.1765355665582,23.064680246613456,199.45037531607642
2027-11-03,16796.09133507283,615.89532234891,20.857466333884233,24170.007447598666,337.9171751274274,14447.267181753828,755.6081373177619,602.0488217362802,1.358232786717934,2050.555084247022,23.75724376897473,200.43186325957996
2027-11-04,17014.51244408887,622.0198147993995,21.29168028635653,25041.44024977401,334.9388307811504,14734.470395647004,813.3892553383625,609.882613969252,1.3593131007016068,2044.585707671056,23.577277852058735,203.29196509217374
2027-11-05,17300.212301060274,640.9137102156906,21.34411543312862,25343.80983516839,334.6282008563777,14932.589734668964,718.3101613966946,614.7043712905777,1.3616849821732695,2069.6544756839385,23.22670719097612,203.82715022003543
2027-11-08,17247.989792295186,628.3952972632744,22.493204946155437,24196.36573152516,331.7742907431191,14839.16054638843,759.6853142436039,624.4434550168432,1.363208609145778,2081.6215203116217,23.599826896433886,201.6671237674529
2027-11-09,17280.589663106606,610.7093356776135,22.58715515093121,24787.021556622825,340.72782395308326,14828.091413162903,790.3390019791179,631.2504402219456,1.3757713555867244,2084.13873425808,23.95362504982704,201.40578340240657
2027-11-10,16856.04323318018,610.1610488280558,22.620921907580797,25330.853351195106,333.80512142489613,14866.715168356022,808.5968881287462,629.2170006908173,1.3765091724313687,2102.9987196751804,23.458882323211,202.82403248167375
2027-11-11,16785.49401091079,610.9860341401202,22.67581378743702,25183.694262497494,334.00530369937917,14988.684645154632,684.3746018669502,629.846871329265,1.3782807422899086,2147.4195927002834,24.703791293979766,204.30605010906618
2027-11-12,16790.46857333478,613.8021533686689,22.395111774465384,25554.78909863258,337.14844712139484,14998.615947119772,729.7484388380544,625.1918960054354,1.383173082685145,2127.85735302389,25.857882582081796,205.43829274395722
2027-11-15,17622.661414987353,610.1052737490204,22.375933376569698,25166.057307307146,328.17148182802026,14866.84956050877,693.2413208371975,624.1450109412353,1.391566086156326,2114.6423042214674,26.25985555972941,204.64268553948335
2027-11-16,17294.183788087434,608.8191695051436,22.893241568472554,24967.158361918926,323.20862524784496,14777.05802768344,675.8651446438438,624.7422819069252,1.3982399813707997,2160.9936031073366,26.551903871818496,202.45605660981826
2027-11-17,17777.35467448086,613.083694952528,22.952368925851314,25713.95078141089,322.5244599772999,14782.373756888826,670.1247792495492,624.5148134848198,1.4021471124176386,2168.8166063538147,26.77975280648121,203.4537936048936
2027-11-18,18120.953053013116,624.0611461934866,22.59778647171326,25607.12942365905,317.8265115236052,14953.503518537585,683.9158163000586,632.3577736826519,1.391401085252018,2172.5652962867052,25.769617817717187,201.52733419736938
2027-11-19,18234.590209385904,605.5078781785115,22.19018924595556,24738.133122839525,313.5756417756389,15017.199269313232,706.1348582288311,630.7337467213903,1.3881480572135925,2170.9949127113505,25.850149356208426,202.68825599243192
2027-11-22,18843.641197353387,602.6065781485978,21.997883133166408,24733.117696953395,311.84084556113504,14918.99790316274,738.3723704014506,625.7150284209611,1.3939865055260552,2192.5232194525843,25.92233411825065,203.85631934750643
2027-11-23,18993.05561632391,605.3370943558822,22.0370140448379,24720.922838564653,315.42969800714803,15012.313777786236,769.1153357991836,621.0853685527122,1.3958724408004817,2239.254536066093,25.559386481044125,203.1356302551963
2027-11-24,19149.53214009566,597.1676328031746,22.57617681132639,25315.553415898343,313.72274799987656,14966.104128460986,778.9036079336692,625.007996727836,1.4017903885429206,2227.8154928969966,25.370089384273843,202.9935446857977
2027-11-25,19154.20190621035,614.6153223871327,21.985550762954137,25347.785225480642,319.6551866197845,15092.555233524343,795.271394363499,617.4117842275979,1.4152215607284944,2226.534836438573,23.910999590256896,203.35711118081252
2027-11-26,19604.24946412466,609.0680621460181,21.851923037134036,25170.716985833747,314.4046940757038,15445.916822998717,753.0606335232501,616.5414305684551,1.407058398325382,2220.740446885416,23.270972389773526,202.39982737228297
2027-11-29,20019.019533545652,609.3356948881808,21.921658679678917,25701.191719413382,307.9071610217462,15402.275338750112,725.3065599729078,624.2013704871267,1.4152282616043623,2234.245516852594,23.820639744038488,200.21497098625062
2027-11-30,19818.59438101077,615.4573761931914,21.1386055060618,25786.017190504746,318.28467418927573,15520.002785183562,758.5186739079068,626.0976888715867,1.4130337890375535,2256.6530002594163,24.88169378029298,200.1921969844634
2027-12-01,19376.75511392216,610.3332600309488,20.795342594283365,25446.595061122,314.87032771032324,15422.402408622103,790.9445722824353,625.9277586564882,1.41979964344205,2286.563886592864,24.30902854512103,200.33643953309803
2027-12-02,19329.26959047835,593.2168215370679,20.520641399584207,26037.215978309003,308.05409229520257,15412.991848915965,820.0930940690305,625.9758357400835,1.4196490054144806,2301.0923633335606,24.427731963309395,202.57020742921335
2027-12-03,19075.78657115074,589.8106155090717,20.202611326208697,26159.34457689707,299.18451045135436,15423.261254878485,799.2685725031503,620.4504136853031,1.4349710638850215,2348.410257571494,25.115334629836937,201.34716218152624
2027-12-06,19076.86548345328,600.265791886124,20.286378693927972,26186.97278702736,304.82481471120525,15402.559362189755,836.4959105742059,615.928863526519,1.43604832009269,2338.1045721491246,24.79825345202534,203.11626775178263
2027-12-07,19529.97092418897,597.6959749491642,20.22740702728671,26301.9301093435,303.1825371154591,15754.10255696745,789.3102075641679,615.0938393776997,1.4315997825657707,2323.0111760330565,25.228629219365853,201.30114221025607
2027-12-08,19393.128965915224,590.3049529358377,20.010011959769926,25798.06852161816,301.99848214363357,15716.977122254419,832.9947999166179,616.8440876902258,1.4347518696746981,2350.9488653651347,25.214889858146975,199.18722054485093
2027-12-09,19401.453878568373,599.7722669620341,20.18807328939964,25566.277651559783,301.3027466978342,15806.529866374434,822.2001521269016,622.3792588865836,1.4372213552088773,2353.7308799196853,25.984357883789585,198.7481190605887
2027-12-10,19445.047583418826,597.2630462094901,20.902180698503777,25593.59879912566,306.65875780931896,15540.544073838948,894.4351304001943,623.1471541926477,1.4455677059747138,2328.4298472796154,25.172030281052955,197.29715979423514
2027-12-13,19767.994106674574,593.0596930506463,21.605299320336677,25524.624761091738,305.84657401717766,15607.3245200851,828.9172036699839,631.0326856956189,1.448954677684631,2323.0143969898927,24.493776206971567,195.20339985156187
2027-12-14,19007.243864820863,595.1338594946974,20.796468488023958,26175.393822088867,318.407655823437,15774.880228568285,905.3218152916564,640.4713842741378,1.4671440790086514,2328.2360495570506,24.67295074774771,198.30311295774834
2027-12-15,18823.377045448568,603.1816273166752,21.04419250867412,26310.037321473952,319.26019483656677,15706.434039403308,889.106709096013,645.3300220816672,1.4664737170247018,2316.6934562335714,24.739785200019647,197.62742230559525
2027-12-16,18917.788382814368,627.3005513607969,20.975690373803232,26767.639808599186,325.2053305517856,15361.716005109947,872.3958682461024,652.745086884592,1.465890030396641,2298.4239506108606,24.712386291191358,201.3558984195849
2027-12-17,19354.096159856566,636.358161450789,21.047194488614565,26799.204382240772,329.81960277615354,15362.516894926253,880.9362295830972,647.2096390279517,1.4616167075674602,2295.0683290930524,25.078237576454907,199.7998490758798
2027-12-20,19206.520694203427,648.9910922283234,20.8864706518305,27369.840104513863,329.7471808779145,15371.040149924047,850.7610429488462,640.8064547449834,1.4623891446488455,2276.061071515644,24.508848169085663,197.12691074620727
2027-12-21,18590.894022474225,644.4669442279557,20.941930323087977,27604.939066898532,326.6037738819449,15477.725173594528,847.6898648480513,644.0582865267024,1.4642260279901143,2288.112855010652,23.69107303084947,199.21368768272745
2027-12-22,18822.005641855696,634.6728329067952,21.011744276103446,27639.60471587003,328.58354304304356,15766.698598010735,816.9954537013397,636.5852475281102,1.4664328908881694,2253.2575254485055,23.40373462806921,198.09858345019938
2027-12-23,18630.316537047875,636.005330086654,20.776083584848358,27660.27639968229,331.577908709136,15719.147405142588,788.8532855411034,635.1778218723013,1.467072304625659,2255.3391430833567,23.18460880994252,198.35844640357834
2027-12-24,18257.50403143672,637.7980279334813,20.41306519409874,27190.37322339471,328.4973720108243,15604.712564484133,808.293027994567,639.8576445891065,1.4627521262302776,2265.1850079128385,23.02763383034677,196.25810624254524
2027-12-27,18075.148039597956,627.5764264485958,20.236769720406482,27480.986999667126,329.5593959827838,15447.863297616934,772.6656167592465,648.3081202833109,1.4564636698252749,2263.9976149634413,23.777056625916195,196.23751883920963
2027-12-28,18036.843045978934,626.5075004478472,20.33790564833329,27487.476302776202,336.69318428797646,15481.618290756662,743.5504844493072,647.0853075602162,1.4538794769644372,2284.3417079887913,24.246724584465856,194.13479702561784
2027-12-29,17862.992201746903,631.2170794578628,20.589193381363017,27253.791431396112,348.89157299748337,15554.773854092664,694.2256850109372,643.5686078732751,1.4623477224569823,2259.883809375786,24.579494447939464,194.0588548612998
